1	15	120.000000	45.000000	2.000000	2.500000	10.000000	0.000000	hcost_propor
2	15	120.000000	45.000000	2.000000	2.500000	10.000000	1.000000	hcost_propor
3	15	120.000000	45.000000	2.000000	2.500000	10.000000	2.000000	hcost_propor
4	15	120.000000	45.000000	2.000000	2.500000	10.000000	3.000000	hcost_propor
5	15	120.000000	45.000000	2.000000	2.500000	10.000000	4.000000	hcost_propor
6	15	120.000000	45.000000	2.000000	2.500000	10.000000	5.000000	hcost_propor
7	15	120.000000	45.000000	2.000000	2.500000	10.000000	10.000000	hcost_propor
8	15	120.000000	45.000000	2.000000	2.500000	10.000000	15.000000	hcost_propor
9	15	120.000000	45.000000	2.000000	2.500000	10.000000	20.000000	hcost_propor
10	15	120.000000	45.000000	2.000000	2.500000	10.000000	25.000000	hcost_propor
11	15	120.000000	45.000000	2.000000	2.500000	10.000000	30.000000	hcost_propor
12	15	120.000000	45.000000	2.000000	2.500000	10.000000	35.000000	hcost_propor
13	15	120.000000	45.000000	2.000000	2.500000	10.000000	40.000000	hcost_propor
14	15	120.000000	45.000000	2.000000	2.500000	10.000000	0.000000	hcost_propor
15	15	120.000000	45.000000	2.000000	2.500000	10.000000	1.000000	hcost_propor
16	15	120.000000	45.000000	2.000000	2.500000	10.000000	2.000000	hcost_propor
17	15	120.000000	45.000000	2.000000	2.500000	10.000000	3.000000	hcost_propor
18	15	120.000000	45.000000	2.000000	2.500000	10.000000	4.000000	hcost_propor
19	15	120.000000	45.000000	2.000000	2.500000	10.000000	5.000000	hcost_propor
20	15	120.000000	45.000000	2.000000	2.500000	10.000000	10.000000	hcost_propor
21	15	120.000000	45.000000	2.000000	2.500000	10.000000	15.000000	hcost_propor
22	15	120.000000	45.000000	2.000000	2.500000	10.000000	20.000000	hcost_propor
23	15	120.000000	45.000000	2.000000	2.500000	10.000000	25.000000	hcost_propor
24	15	120.000000	45.000000	2.000000	2.500000	10.000000	30.000000	hcost_propor
25	15	120.000000	45.000000	2.000000	2.500000	10.000000	35.000000	hcost_propor
26	15	120.000000	45.000000	2.000000	2.500000	10.000000	40.000000	hcost_propor
27	15	120.000000	45.000000	2.000000	2.500000	10.000000	0.000000	hcost_propor
28	15	120.000000	45.000000	2.000000	2.500000	10.000000	1.000000	hcost_propor
29	15	120.000000	45.000000	2.000000	2.500000	10.000000	2.000000	hcost_propor
30	15	120.000000	45.000000	2.000000	2.500000	10.000000	3.000000	hcost_propor
31	15	120.000000	45.000000	2.000000	2.500000	10.000000	4.000000	hcost_propor
32	15	120.000000	45.000000	2.000000	2.500000	10.000000	5.000000	hcost_propor
33	15	120.000000	45.000000	2.000000	2.500000	10.000000	10.000000	hcost_propor
34	15	120.000000	45.000000	2.000000	2.500000	10.000000	15.000000	hcost_propor
35	15	120.000000	45.000000	2.000000	2.500000	10.000000	20.000000	hcost_propor
36	15	120.000000	45.000000	2.000000	2.500000	10.000000	25.000000	hcost_propor
37	15	120.000000	45.000000	2.000000	2.500000	10.000000	30.000000	hcost_propor
38	15	120.000000	45.000000	2.000000	2.500000	10.000000	35.000000	hcost_propor
39	15	120.000000	45.000000	2.000000	2.500000	10.000000	40.000000	hcost_propor
40	15	120.000000	45.000000	2.000000	2.500000	10.000000	0.000000	hcost_propor
41	15	120.000000	45.000000	2.000000	2.500000	10.000000	1.000000	hcost_propor
42	15	120.000000	45.000000	2.000000	2.500000	10.000000	2.000000	hcost_propor
43	15	120.000000	45.000000	2.000000	2.500000	10.000000	3.000000	hcost_propor
44	15	120.000000	45.000000	2.000000	2.500000	10.000000	4.000000	hcost_propor
45	15	120.000000	45.000000	2.000000	2.500000	10.000000	5.000000	hcost_propor
46	15	120.000000	45.000000	2.000000	2.500000	10.000000	10.000000	hcost_propor
47	15	120.000000	45.000000	2.000000	2.500000	10.000000	15.000000	hcost_propor
48	15	120.000000	45.000000	2.000000	2.500000	10.000000	20.000000	hcost_propor
49	15	120.000000	45.000000	2.000000	2.500000	10.000000	25.000000	hcost_propor
50	15	120.000000	45.000000	2.000000	2.500000	10.000000	30.000000	hcost_propor
51	15	120.000000	45.000000	2.000000	2.500000	10.000000	35.000000	hcost_propor
52	15	120.000000	45.000000	2.000000	2.500000	10.000000	40.000000	hcost_propor
53	15	120.000000	45.000000	2.000000	2.500000	10.000000	0.000000	hcost_propor
54	15	120.000000	45.000000	2.000000	2.500000	10.000000	1.000000	hcost_propor
55	15	120.000000	45.000000	2.000000	2.500000	10.000000	2.000000	hcost_propor
56	15	120.000000	45.000000	2.000000	2.500000	10.000000	3.000000	hcost_propor
57	15	120.000000	45.000000	2.000000	2.500000	10.000000	4.000000	hcost_propor
58	15	120.000000	45.000000	2.000000	2.500000	10.000000	5.000000	hcost_propor
59	15	120.000000	45.000000	2.000000	2.500000	10.000000	10.000000	hcost_propor
60	15	120.000000	45.000000	2.000000	2.500000	10.000000	15.000000	hcost_propor
61	15	120.000000	45.000000	2.000000	2.500000	10.000000	20.000000	hcost_propor
62	15	120.000000	45.000000	2.000000	2.500000	10.000000	25.000000	hcost_propor
63	15	120.000000	45.000000	2.000000	2.500000	10.000000	30.000000	hcost_propor
64	15	120.000000	45.000000	2.000000	2.500000	10.000000	35.000000	hcost_propor
65	15	120.000000	45.000000	2.000000	2.500000	10.000000	40.000000	hcost_propor
66	15	120.000000	45.000000	2.000000	2.500000	10.000000	0.000000	hcost_propor
67	15	120.000000	45.000000	2.000000	2.500000	10.000000	1.000000	hcost_propor
68	15	120.000000	45.000000	2.000000	2.500000	10.000000	2.000000	hcost_propor
69	15	120.000000	45.000000	2.000000	2.500000	10.000000	3.000000	hcost_propor
70	15	120.000000	45.000000	2.000000	2.500000	10.000000	4.000000	hcost_propor
71	15	120.000000	45.000000	2.000000	2.500000	10.000000	5.000000	hcost_propor
72	15	120.000000	45.000000	2.000000	2.500000	10.000000	10.000000	hcost_propor
73	15	120.000000	45.000000	2.000000	2.500000	10.000000	15.000000	hcost_propor
74	15	120.000000	45.000000	2.000000	2.500000	10.000000	20.000000	hcost_propor
75	15	120.000000	45.000000	2.000000	2.500000	10.000000	25.000000	hcost_propor
76	15	120.000000	45.000000	2.000000	2.500000	10.000000	30.000000	hcost_propor
77	15	120.000000	45.000000	2.000000	2.500000	10.000000	35.000000	hcost_propor
78	15	120.000000	45.000000	2.000000	2.500000	10.000000	40.000000	hcost_propor
79	15	120.000000	45.000000	2.000000	2.500000	10.000000	0.000000	hcost_propor
80	15	120.000000	45.000000	2.000000	2.500000	10.000000	1.000000	hcost_propor
81	15	120.000000	45.000000	2.000000	2.500000	10.000000	2.000000	hcost_propor
82	15	120.000000	45.000000	2.000000	2.500000	10.000000	3.000000	hcost_propor
83	15	120.000000	45.000000	2.000000	2.500000	10.000000	4.000000	hcost_propor
84	15	120.000000	45.000000	2.000000	2.500000	10.000000	5.000000	hcost_propor
85	15	120.000000	45.000000	2.000000	2.500000	10.000000	10.000000	hcost_propor
86	15	120.000000	45.000000	2.000000	2.500000	10.000000	15.000000	hcost_propor
87	15	120.000000	45.000000	2.000000	2.500000	10.000000	20.000000	hcost_propor
88	15	120.000000	45.000000	2.000000	2.500000	10.000000	25.000000	hcost_propor
89	15	120.000000	45.000000	2.000000	2.500000	10.000000	30.000000	hcost_propor
90	15	120.000000	45.000000	2.000000	2.500000	10.000000	35.000000	hcost_propor
91	15	120.000000	45.000000	2.000000	2.500000	10.000000	40.000000	hcost_propor
92	15	120.000000	45.000000	2.000000	2.500000	10.000000	0.000000	hcost_propor
93	15	120.000000	45.000000	2.000000	2.500000	10.000000	1.000000	hcost_propor
94	15	120.000000	45.000000	2.000000	2.500000	10.000000	2.000000	hcost_propor
95	15	120.000000	45.000000	2.000000	2.500000	10.000000	3.000000	hcost_propor
96	15	120.000000	45.000000	2.000000	2.500000	10.000000	4.000000	hcost_propor
97	15	120.000000	45.000000	2.000000	2.500000	10.000000	5.000000	hcost_propor
98	15	120.000000	45.000000	2.000000	2.500000	10.000000	10.000000	hcost_propor
99	15	120.000000	45.000000	2.000000	2.500000	10.000000	15.000000	hcost_propor
100	15	120.000000	45.000000	2.000000	2.500000	10.000000	20.000000	hcost_propor
101	15	120.000000	45.000000	2.000000	2.500000	10.000000	25.000000	hcost_propor
102	15	120.000000	45.000000	2.000000	2.500000	10.000000	30.000000	hcost_propor
103	15	120.000000	45.000000	2.000000	2.500000	10.000000	35.000000	hcost_propor
104	15	120.000000	45.000000	2.000000	2.500000	10.000000	40.000000	hcost_propor
105	15	120.000000	45.000000	2.000000	2.500000	10.000000	0.000000	hcost_propor
106	15	120.000000	45.000000	2.000000	2.500000	10.000000	1.000000	hcost_propor
107	15	120.000000	45.000000	2.000000	2.500000	10.000000	2.000000	hcost_propor
108	15	120.000000	45.000000	2.000000	2.500000	10.000000	3.000000	hcost_propor
109	15	120.000000	45.000000	2.000000	2.500000	10.000000	4.000000	hcost_propor
110	15	120.000000	45.000000	2.000000	2.500000	10.000000	5.000000	hcost_propor
111	15	120.000000	45.000000	2.000000	2.500000	10.000000	10.000000	hcost_propor
112	15	120.000000	45.000000	2.000000	2.500000	10.000000	15.000000	hcost_propor
113	15	120.000000	45.000000	2.000000	2.500000	10.000000	20.000000	hcost_propor
114	15	120.000000	45.000000	2.000000	2.500000	10.000000	25.000000	hcost_propor
115	15	120.000000	45.000000	2.000000	2.500000	10.000000	30.000000	hcost_propor
116	15	120.000000	45.000000	2.000000	2.500000	10.000000	35.000000	hcost_propor
117	15	120.000000	45.000000	2.000000	2.500000	10.000000	40.000000	hcost_propor
118	15	120.000000	45.000000	2.000000	2.500000	10.000000	0.000000	hcost_propor
119	15	120.000000	45.000000	2.000000	2.500000	10.000000	1.000000	hcost_propor
120	15	120.000000	45.000000	2.000000	2.500000	10.000000	2.000000	hcost_propor
121	15	120.000000	45.000000	2.000000	2.500000	10.000000	3.000000	hcost_propor
122	15	120.000000	45.000000	2.000000	2.500000	10.000000	4.000000	hcost_propor
123	15	120.000000	45.000000	2.000000	2.500000	10.000000	5.000000	hcost_propor
124	15	120.000000	45.000000	2.000000	2.500000	10.000000	10.000000	hcost_propor
125	15	120.000000	45.000000	2.000000	2.500000	10.000000	15.000000	hcost_propor
126	15	120.000000	45.000000	2.000000	2.500000	10.000000	20.000000	hcost_propor
127	15	120.000000	45.000000	2.000000	2.500000	10.000000	25.000000	hcost_propor
128	15	120.000000	45.000000	2.000000	2.500000	10.000000	30.000000	hcost_propor
129	15	120.000000	45.000000	2.000000	2.500000	10.000000	35.000000	hcost_propor
130	15	120.000000	45.000000	2.000000	2.500000	10.000000	40.000000	hcost_propor
131	15	120.000000	45.000000	2.000000	2.500000	10.000000	0.000000	hcost_propor
132	15	120.000000	45.000000	2.000000	2.500000	10.000000	1.000000	hcost_propor
133	15	120.000000	45.000000	2.000000	2.500000	10.000000	2.000000	hcost_propor
134	15	120.000000	45.000000	2.000000	2.500000	10.000000	3.000000	hcost_propor
135	15	120.000000	45.000000	2.000000	2.500000	10.000000	4.000000	hcost_propor
136	15	120.000000	45.000000	2.000000	2.500000	10.000000	5.000000	hcost_propor
137	15	120.000000	45.000000	2.000000	2.500000	10.000000	10.000000	hcost_propor
138	15	120.000000	45.000000	2.000000	2.500000	10.000000	15.000000	hcost_propor
139	15	120.000000	45.000000	2.000000	2.500000	10.000000	20.000000	hcost_propor
140	15	120.000000	45.000000	2.000000	2.500000	10.000000	25.000000	hcost_propor
141	15	120.000000	45.000000	2.000000	2.500000	10.000000	30.000000	hcost_propor
142	15	120.000000	45.000000	2.000000	2.500000	10.000000	35.000000	hcost_propor
143	15	120.000000	45.000000	2.000000	2.500000	10.000000	40.000000	hcost_propor
144	15	120.000000	45.000000	2.000000	2.500000	10.000000	0.000000	hcost_propor
145	15	120.000000	45.000000	2.000000	2.500000	10.000000	1.000000	hcost_propor
146	15	120.000000	45.000000	2.000000	2.500000	10.000000	2.000000	hcost_propor
147	15	120.000000	45.000000	2.000000	2.500000	10.000000	3.000000	hcost_propor
148	15	120.000000	45.000000	2.000000	2.500000	10.000000	4.000000	hcost_propor
149	15	120.000000	45.000000	2.000000	2.500000	10.000000	5.000000	hcost_propor
150	15	120.000000	45.000000	2.000000	2.500000	10.000000	10.000000	hcost_propor
151	15	120.000000	45.000000	2.000000	2.500000	10.000000	15.000000	hcost_propor
152	15	120.000000	45.000000	2.000000	2.500000	10.000000	20.000000	hcost_propor
153	15	120.000000	45.000000	2.000000	2.500000	10.000000	25.000000	hcost_propor
154	15	120.000000	45.000000	2.000000	2.500000	10.000000	30.000000	hcost_propor
155	15	120.000000	45.000000	2.000000	2.500000	10.000000	35.000000	hcost_propor
156	15	120.000000	45.000000	2.000000	2.500000	10.000000	40.000000	hcost_propor
157	15	120.000000	45.000000	2.000000	2.500000	10.000000	0.000000	hcost_propor
158	15	120.000000	45.000000	2.000000	2.500000	10.000000	1.000000	hcost_propor
159	15	120.000000	45.000000	2.000000	2.500000	10.000000	2.000000	hcost_propor
160	15	120.000000	45.000000	2.000000	2.500000	10.000000	3.000000	hcost_propor
161	15	120.000000	45.000000	2.000000	2.500000	10.000000	4.000000	hcost_propor
162	15	120.000000	45.000000	2.000000	2.500000	10.000000	5.000000	hcost_propor
163	15	120.000000	45.000000	2.000000	2.500000	10.000000	10.000000	hcost_propor
164	15	120.000000	45.000000	2.000000	2.500000	10.000000	15.000000	hcost_propor
165	15	120.000000	45.000000	2.000000	2.500000	10.000000	20.000000	hcost_propor
166	15	120.000000	45.000000	2.000000	2.500000	10.000000	25.000000	hcost_propor
167	15	120.000000	45.000000	2.000000	2.500000	10.000000	30.000000	hcost_propor
168	15	120.000000	45.000000	2.000000	2.500000	10.000000	35.000000	hcost_propor
169	15	120.000000	45.000000	2.000000	2.500000	10.000000	40.000000	hcost_propor
170	15	120.000000	45.000000	2.000000	2.500000	10.000000	0.000000	hcost_propor
171	15	120.000000	45.000000	2.000000	2.500000	10.000000	1.000000	hcost_propor
172	15	120.000000	45.000000	2.000000	2.500000	10.000000	2.000000	hcost_propor
173	15	120.000000	45.000000	2.000000	2.500000	10.000000	3.000000	hcost_propor
174	15	120.000000	45.000000	2.000000	2.500000	10.000000	4.000000	hcost_propor
175	15	120.000000	45.000000	2.000000	2.500000	10.000000	5.000000	hcost_propor
176	15	120.000000	45.000000	2.000000	2.500000	10.000000	10.000000	hcost_propor
177	15	120.000000	45.000000	2.000000	2.500000	10.000000	15.000000	hcost_propor
178	15	120.000000	45.000000	2.000000	2.500000	10.000000	20.000000	hcost_propor
179	15	120.000000	45.000000	2.000000	2.500000	10.000000	25.000000	hcost_propor
180	15	120.000000	45.000000	2.000000	2.500000	10.000000	30.000000	hcost_propor
181	15	120.000000	45.000000	2.000000	2.500000	10.000000	35.000000	hcost_propor
182	15	120.000000	45.000000	2.000000	2.500000	10.000000	40.000000	hcost_propor
183	15	120.000000	45.000000	2.000000	2.500000	10.000000	0.000000	hcost_propor
184	15	120.000000	45.000000	2.000000	2.500000	10.000000	1.000000	hcost_propor
185	15	120.000000	45.000000	2.000000	2.500000	10.000000	2.000000	hcost_propor
186	15	120.000000	45.000000	2.000000	2.500000	10.000000	3.000000	hcost_propor
187	15	120.000000	45.000000	2.000000	2.500000	10.000000	4.000000	hcost_propor
188	15	120.000000	45.000000	2.000000	2.500000	10.000000	5.000000	hcost_propor
189	15	120.000000	45.000000	2.000000	2.500000	10.000000	10.000000	hcost_propor
190	15	120.000000	45.000000	2.000000	2.500000	10.000000	15.000000	hcost_propor
191	15	120.000000	45.000000	2.000000	2.500000	10.000000	20.000000	hcost_propor
192	15	120.000000	45.000000	2.000000	2.500000	10.000000	25.000000	hcost_propor
193	15	120.000000	45.000000	2.000000	2.500000	10.000000	30.000000	hcost_propor
194	15	120.000000	45.000000	2.000000	2.500000	10.000000	35.000000	hcost_propor
195	15	120.000000	45.000000	2.000000	2.500000	10.000000	40.000000	hcost_propor
196	15	120.000000	45.000000	2.000000	2.500000	10.000000	0.000000	hcost_propor
197	15	120.000000	45.000000	2.000000	2.500000	10.000000	1.000000	hcost_propor
198	15	120.000000	45.000000	2.000000	2.500000	10.000000	2.000000	hcost_propor
199	15	120.000000	45.000000	2.000000	2.500000	10.000000	3.000000	hcost_propor
200	15	120.000000	45.000000	2.000000	2.500000	10.000000	4.000000	hcost_propor
201	15	120.000000	45.000000	2.000000	2.500000	10.000000	5.000000	hcost_propor
202	15	120.000000	45.000000	2.000000	2.500000	10.000000	10.000000	hcost_propor
203	15	120.000000	45.000000	2.000000	2.500000	10.000000	15.000000	hcost_propor
204	15	120.000000	45.000000	2.000000	2.500000	10.000000	20.000000	hcost_propor
205	15	120.000000	45.000000	2.000000	2.500000	10.000000	25.000000	hcost_propor
206	15	120.000000	45.000000	2.000000	2.500000	10.000000	30.000000	hcost_propor
207	15	120.000000	45.000000	2.000000	2.500000	10.000000	35.000000	hcost_propor
208	15	120.000000	45.000000	2.000000	2.500000	10.000000	40.000000	hcost_propor
209	15	120.000000	45.000000	2.000000	2.500000	10.000000	0.000000	hcost_propor
210	15	120.000000	45.000000	2.000000	2.500000	10.000000	1.000000	hcost_propor
211	15	120.000000	45.000000	2.000000	2.500000	10.000000	2.000000	hcost_propor
212	15	120.000000	45.000000	2.000000	2.500000	10.000000	3.000000	hcost_propor
213	15	120.000000	45.000000	2.000000	2.500000	10.000000	4.000000	hcost_propor
214	15	120.000000	45.000000	2.000000	2.500000	10.000000	5.000000	hcost_propor
215	15	120.000000	45.000000	2.000000	2.500000	10.000000	10.000000	hcost_propor
216	15	120.000000	45.000000	2.000000	2.500000	10.000000	15.000000	hcost_propor
217	15	120.000000	45.000000	2.000000	2.500000	10.000000	20.000000	hcost_propor
218	15	120.000000	45.000000	2.000000	2.500000	10.000000	25.000000	hcost_propor
219	15	120.000000	45.000000	2.000000	2.500000	10.000000	30.000000	hcost_propor
220	15	120.000000	45.000000	2.000000	2.500000	10.000000	35.000000	hcost_propor
221	15	120.000000	45.000000	2.000000	2.500000	10.000000	40.000000	hcost_propor
222	15	120.000000	45.000000	2.000000	2.500000	10.000000	0.000000	hcost_propor
223	15	120.000000	45.000000	2.000000	2.500000	10.000000	1.000000	hcost_propor
224	15	120.000000	45.000000	2.000000	2.500000	10.000000	2.000000	hcost_propor
225	15	120.000000	45.000000	2.000000	2.500000	10.000000	3.000000	hcost_propor
226	15	120.000000	45.000000	2.000000	2.500000	10.000000	4.000000	hcost_propor
227	15	120.000000	45.000000	2.000000	2.500000	10.000000	5.000000	hcost_propor
228	15	120.000000	45.000000	2.000000	2.500000	10.000000	10.000000	hcost_propor
229	15	120.000000	45.000000	2.000000	2.500000	10.000000	15.000000	hcost_propor
230	15	120.000000	45.000000	2.000000	2.500000	10.000000	20.000000	hcost_propor
231	15	120.000000	45.000000	2.000000	2.500000	10.000000	25.000000	hcost_propor
232	15	120.000000	45.000000	2.000000	2.500000	10.000000	30.000000	hcost_propor
233	15	120.000000	45.000000	2.000000	2.500000	10.000000	35.000000	hcost_propor
234	15	120.000000	45.000000	2.000000	2.500000	10.000000	40.000000	hcost_propor
235	15	120.000000	45.000000	2.000000	2.500000	10.000000	0.000000	hcost_propor
236	15	120.000000	45.000000	2.000000	2.500000	10.000000	1.000000	hcost_propor
237	15	120.000000	45.000000	2.000000	2.500000	10.000000	2.000000	hcost_propor
238	15	120.000000	45.000000	2.000000	2.500000	10.000000	3.000000	hcost_propor
239	15	120.000000	45.000000	2.000000	2.500000	10.000000	4.000000	hcost_propor
240	15	120.000000	45.000000	2.000000	2.500000	10.000000	5.000000	hcost_propor
241	15	120.000000	45.000000	2.000000	2.500000	10.000000	10.000000	hcost_propor
242	15	120.000000	45.000000	2.000000	2.500000	10.000000	15.000000	hcost_propor
243	15	120.000000	45.000000	2.000000	2.500000	10.000000	20.000000	hcost_propor
244	15	120.000000	45.000000	2.000000	2.500000	10.000000	25.000000	hcost_propor
245	15	120.000000	45.000000	2.000000	2.500000	10.000000	30.000000	hcost_propor
246	15	120.000000	45.000000	2.000000	2.500000	10.000000	35.000000	hcost_propor
247	15	120.000000	45.000000	2.000000	2.500000	10.000000	40.000000	hcost_propor
248	15	120.000000	45.000000	2.000000	2.500000	10.000000	0.000000	hcost_propor
249	15	120.000000	45.000000	2.000000	2.500000	10.000000	1.000000	hcost_propor
250	15	120.000000	45.000000	2.000000	2.500000	10.000000	2.000000	hcost_propor
251	15	120.000000	45.000000	2.000000	2.500000	10.000000	3.000000	hcost_propor
252	15	120.000000	45.000000	2.000000	2.500000	10.000000	4.000000	hcost_propor
253	15	120.000000	45.000000	2.000000	2.500000	10.000000	5.000000	hcost_propor
254	15	120.000000	45.000000	2.000000	2.500000	10.000000	10.000000	hcost_propor
255	15	120.000000	45.000000	2.000000	2.500000	10.000000	15.000000	hcost_propor
256	15	120.000000	45.000000	2.000000	2.500000	10.000000	20.000000	hcost_propor
257	15	120.000000	45.000000	2.000000	2.500000	10.000000	25.000000	hcost_propor
258	15	120.000000	45.000000	2.000000	2.500000	10.000000	30.000000	hcost_propor
259	15	120.000000	45.000000	2.000000	2.500000	10.000000	35.000000	hcost_propor
260	15	120.000000	45.000000	2.000000	2.500000	10.000000	40.000000	hcost_propor
261	15	120.000000	45.000000	2.000000	2.500000	10.000000	0.000000	hcost_propor
262	15	120.000000	45.000000	2.000000	2.500000	10.000000	1.000000	hcost_propor
263	15	120.000000	45.000000	2.000000	2.500000	10.000000	2.000000	hcost_propor
264	15	120.000000	45.000000	2.000000	2.500000	10.000000	3.000000	hcost_propor
265	15	120.000000	45.000000	2.000000	2.500000	10.000000	4.000000	hcost_propor
266	15	120.000000	45.000000	2.000000	2.500000	10.000000	5.000000	hcost_propor
267	15	120.000000	45.000000	2.000000	2.500000	10.000000	10.000000	hcost_propor
268	15	120.000000	45.000000	2.000000	2.500000	10.000000	15.000000	hcost_propor
269	15	120.000000	45.000000	2.000000	2.500000	10.000000	20.000000	hcost_propor
270	15	120.000000	45.000000	2.000000	2.500000	10.000000	25.000000	hcost_propor
271	15	120.000000	45.000000	2.000000	2.500000	10.000000	30.000000	hcost_propor
272	15	120.000000	45.000000	2.000000	2.500000	10.000000	35.000000	hcost_propor
273	15	120.000000	45.000000	2.000000	2.500000	10.000000	40.000000	hcost_propor
274	15	120.000000	45.000000	2.000000	2.500000	10.000000	0.000000	hcost_propor
275	15	120.000000	45.000000	2.000000	2.500000	10.000000	1.000000	hcost_propor
276	15	120.000000	45.000000	2.000000	2.500000	10.000000	2.000000	hcost_propor
277	15	120.000000	45.000000	2.000000	2.500000	10.000000	3.000000	hcost_propor
278	15	120.000000	45.000000	2.000000	2.500000	10.000000	4.000000	hcost_propor
279	15	120.000000	45.000000	2.000000	2.500000	10.000000	5.000000	hcost_propor
280	15	120.000000	45.000000	2.000000	2.500000	10.000000	10.000000	hcost_propor
281	15	120.000000	45.000000	2.000000	2.500000	10.000000	15.000000	hcost_propor
282	15	120.000000	45.000000	2.000000	2.500000	10.000000	20.000000	hcost_propor
283	15	120.000000	45.000000	2.000000	2.500000	10.000000	25.000000	hcost_propor
284	15	120.000000	45.000000	2.000000	2.500000	10.000000	30.000000	hcost_propor
285	15	120.000000	45.000000	2.000000	2.500000	10.000000	35.000000	hcost_propor
286	15	120.000000	45.000000	2.000000	2.500000	10.000000	40.000000	hcost_propor
287	15	120.000000	45.000000	2.000000	2.500000	10.000000	0.000000	hcost_propor
288	15	120.000000	45.000000	2.000000	2.500000	10.000000	1.000000	hcost_propor
289	15	120.000000	45.000000	2.000000	2.500000	10.000000	2.000000	hcost_propor
290	15	120.000000	45.000000	2.000000	2.500000	10.000000	3.000000	hcost_propor
291	15	120.000000	45.000000	2.000000	2.500000	10.000000	4.000000	hcost_propor
292	15	120.000000	45.000000	2.000000	2.500000	10.000000	5.000000	hcost_propor
293	15	120.000000	45.000000	2.000000	2.500000	10.000000	10.000000	hcost_propor
294	15	120.000000	45.000000	2.000000	2.500000	10.000000	15.000000	hcost_propor
295	15	120.000000	45.000000	2.000000	2.500000	10.000000	20.000000	hcost_propor
296	15	120.000000	45.000000	2.000000	2.500000	10.000000	25.000000	hcost_propor
297	15	120.000000	45.000000	2.000000	2.500000	10.000000	30.000000	hcost_propor
298	15	120.000000	45.000000	2.000000	2.500000	10.000000	35.000000	hcost_propor
299	15	120.000000	45.000000	2.000000	2.500000	10.000000	40.000000	hcost_propor
300	15	120.000000	45.000000	2.000000	2.500000	10.000000	0.000000	hcost_propor
301	15	120.000000	45.000000	2.000000	2.500000	10.000000	1.000000	hcost_propor
302	15	120.000000	45.000000	2.000000	2.500000	10.000000	2.000000	hcost_propor
303	15	120.000000	45.000000	2.000000	2.500000	10.000000	3.000000	hcost_propor
304	15	120.000000	45.000000	2.000000	2.500000	10.000000	4.000000	hcost_propor
305	15	120.000000	45.000000	2.000000	2.500000	10.000000	5.000000	hcost_propor
306	15	120.000000	45.000000	2.000000	2.500000	10.000000	10.000000	hcost_propor
307	15	120.000000	45.000000	2.000000	2.500000	10.000000	15.000000	hcost_propor
308	15	120.000000	45.000000	2.000000	2.500000	10.000000	20.000000	hcost_propor
309	15	120.000000	45.000000	2.000000	2.500000	10.000000	25.000000	hcost_propor
310	15	120.000000	45.000000	2.000000	2.500000	10.000000	30.000000	hcost_propor
311	15	120.000000	45.000000	2.000000	2.500000	10.000000	35.000000	hcost_propor
312	15	120.000000	45.000000	2.000000	2.500000	10.000000	40.000000	hcost_propor
313	15	120.000000	45.000000	2.000000	2.500000	10.000000	0.000000	hcost_propor
314	15	120.000000	45.000000	2.000000	2.500000	10.000000	1.000000	hcost_propor
315	15	120.000000	45.000000	2.000000	2.500000	10.000000	2.000000	hcost_propor
316	15	120.000000	45.000000	2.000000	2.500000	10.000000	3.000000	hcost_propor
317	15	120.000000	45.000000	2.000000	2.500000	10.000000	4.000000	hcost_propor
318	15	120.000000	45.000000	2.000000	2.500000	10.000000	5.000000	hcost_propor
319	15	120.000000	45.000000	2.000000	2.500000	10.000000	10.000000	hcost_propor
320	15	120.000000	45.000000	2.000000	2.500000	10.000000	15.000000	hcost_propor
321	15	120.000000	45.000000	2.000000	2.500000	10.000000	20.000000	hcost_propor
322	15	120.000000	45.000000	2.000000	2.500000	10.000000	25.000000	hcost_propor
323	15	120.000000	45.000000	2.000000	2.500000	10.000000	30.000000	hcost_propor
324	15	120.000000	45.000000	2.000000	2.500000	10.000000	35.000000	hcost_propor
325	15	120.000000	45.000000	2.000000	2.500000	10.000000	40.000000	hcost_propor
326	15	120.000000	45.000000	2.000000	2.500000	10.000000	0.000000	hcost_propor
327	15	120.000000	45.000000	2.000000	2.500000	10.000000	1.000000	hcost_propor
328	15	120.000000	45.000000	2.000000	2.500000	10.000000	2.000000	hcost_propor
329	15	120.000000	45.000000	2.000000	2.500000	10.000000	3.000000	hcost_propor
330	15	120.000000	45.000000	2.000000	2.500000	10.000000	4.000000	hcost_propor
331	15	120.000000	45.000000	2.000000	2.500000	10.000000	5.000000	hcost_propor
332	15	120.000000	45.000000	2.000000	2.500000	10.000000	10.000000	hcost_propor
333	15	120.000000	45.000000	2.000000	2.500000	10.000000	15.000000	hcost_propor
334	15	120.000000	45.000000	2.000000	2.500000	10.000000	20.000000	hcost_propor
335	15	120.000000	45.000000	2.000000	2.500000	10.000000	25.000000	hcost_propor
336	15	120.000000	45.000000	2.000000	2.500000	10.000000	30.000000	hcost_propor
337	15	120.000000	45.000000	2.000000	2.500000	10.000000	35.000000	hcost_propor
338	15	120.000000	45.000000	2.000000	2.500000	10.000000	40.000000	hcost_propor
339	15	120.000000	45.000000	2.000000	2.500000	10.000000	0.000000	hcost_propor
340	15	120.000000	45.000000	2.000000	2.500000	10.000000	1.000000	hcost_propor
341	15	120.000000	45.000000	2.000000	2.500000	10.000000	2.000000	hcost_propor
342	15	120.000000	45.000000	2.000000	2.500000	10.000000	3.000000	hcost_propor
343	15	120.000000	45.000000	2.000000	2.500000	10.000000	4.000000	hcost_propor
344	15	120.000000	45.000000	2.000000	2.500000	10.000000	5.000000	hcost_propor
345	15	120.000000	45.000000	2.000000	2.500000	10.000000	10.000000	hcost_propor
346	15	120.000000	45.000000	2.000000	2.500000	10.000000	15.000000	hcost_propor
347	15	120.000000	45.000000	2.000000	2.500000	10.000000	20.000000	hcost_propor
348	15	120.000000	45.000000	2.000000	2.500000	10.000000	25.000000	hcost_propor
349	15	120.000000	45.000000	2.000000	2.500000	10.000000	30.000000	hcost_propor
350	15	120.000000	45.000000	2.000000	2.500000	10.000000	35.000000	hcost_propor
351	15	120.000000	45.000000	2.000000	2.500000	10.000000	40.000000	hcost_propor
352	15	120.000000	45.000000	2.000000	2.500000	10.000000	0.000000	hcost_propor
353	15	120.000000	45.000000	2.000000	2.500000	10.000000	1.000000	hcost_propor
354	15	120.000000	45.000000	2.000000	2.500000	10.000000	2.000000	hcost_propor
355	15	120.000000	45.000000	2.000000	2.500000	10.000000	3.000000	hcost_propor
356	15	120.000000	45.000000	2.000000	2.500000	10.000000	4.000000	hcost_propor
357	15	120.000000	45.000000	2.000000	2.500000	10.000000	5.000000	hcost_propor
358	15	120.000000	45.000000	2.000000	2.500000	10.000000	10.000000	hcost_propor
359	15	120.000000	45.000000	2.000000	2.500000	10.000000	15.000000	hcost_propor
360	15	120.000000	45.000000	2.000000	2.500000	10.000000	20.000000	hcost_propor
361	15	120.000000	45.000000	2.000000	2.500000	10.000000	25.000000	hcost_propor
362	15	120.000000	45.000000	2.000000	2.500000	10.000000	30.000000	hcost_propor
363	15	120.000000	45.000000	2.000000	2.500000	10.000000	35.000000	hcost_propor
364	15	120.000000	45.000000	2.000000	2.500000	10.000000	40.000000	hcost_propor
365	15	120.000000	45.000000	2.000000	2.500000	10.000000	0.000000	hcost_propor
366	15	120.000000	45.000000	2.000000	2.500000	10.000000	1.000000	hcost_propor
367	15	120.000000	45.000000	2.000000	2.500000	10.000000	2.000000	hcost_propor
368	15	120.000000	45.000000	2.000000	2.500000	10.000000	3.000000	hcost_propor
369	15	120.000000	45.000000	2.000000	2.500000	10.000000	4.000000	hcost_propor
370	15	120.000000	45.000000	2.000000	2.500000	10.000000	5.000000	hcost_propor
371	15	120.000000	45.000000	2.000000	2.500000	10.000000	10.000000	hcost_propor
372	15	120.000000	45.000000	2.000000	2.500000	10.000000	15.000000	hcost_propor
373	15	120.000000	45.000000	2.000000	2.500000	10.000000	20.000000	hcost_propor
374	15	120.000000	45.000000	2.000000	2.500000	10.000000	25.000000	hcost_propor
375	15	120.000000	45.000000	2.000000	2.500000	10.000000	30.000000	hcost_propor
376	15	120.000000	45.000000	2.000000	2.500000	10.000000	35.000000	hcost_propor
377	15	120.000000	45.000000	2.000000	2.500000	10.000000	40.000000	hcost_propor
378	15	120.000000	45.000000	2.000000	2.500000	10.000000	0.000000	hcost_propor
379	15	120.000000	45.000000	2.000000	2.500000	10.000000	1.000000	hcost_propor
380	15	120.000000	45.000000	2.000000	2.500000	10.000000	2.000000	hcost_propor
381	15	120.000000	45.000000	2.000000	2.500000	10.000000	3.000000	hcost_propor
382	15	120.000000	45.000000	2.000000	2.500000	10.000000	4.000000	hcost_propor
383	15	120.000000	45.000000	2.000000	2.500000	10.000000	5.000000	hcost_propor
384	15	120.000000	45.000000	2.000000	2.500000	10.000000	10.000000	hcost_propor
385	15	120.000000	45.000000	2.000000	2.500000	10.000000	15.000000	hcost_propor
386	15	120.000000	45.000000	2.000000	2.500000	10.000000	20.000000	hcost_propor
387	15	120.000000	45.000000	2.000000	2.500000	10.000000	25.000000	hcost_propor
388	15	120.000000	45.000000	2.000000	2.500000	10.000000	30.000000	hcost_propor
389	15	120.000000	45.000000	2.000000	2.500000	10.000000	35.000000	hcost_propor
390	15	120.000000	45.000000	2.000000	2.500000	10.000000	40.000000	hcost_propor
391	15	120.000000	45.000000	2.000000	2.500000	10.000000	0.000000	hcost_propor
392	15	120.000000	45.000000	2.000000	2.500000	10.000000	1.000000	hcost_propor
393	15	120.000000	45.000000	2.000000	2.500000	10.000000	2.000000	hcost_propor
394	15	120.000000	45.000000	2.000000	2.500000	10.000000	3.000000	hcost_propor
395	15	120.000000	45.000000	2.000000	2.500000	10.000000	4.000000	hcost_propor
396	15	120.000000	45.000000	2.000000	2.500000	10.000000	5.000000	hcost_propor
397	15	120.000000	45.000000	2.000000	2.500000	10.000000	10.000000	hcost_propor
398	15	120.000000	45.000000	2.000000	2.500000	10.000000	15.000000	hcost_propor
399	15	120.000000	45.000000	2.000000	2.500000	10.000000	20.000000	hcost_propor
400	15	120.000000	45.000000	2.000000	2.500000	10.000000	25.000000	hcost_propor
401	15	120.000000	45.000000	2.000000	2.500000	10.000000	30.000000	hcost_propor
402	15	120.000000	45.000000	2.000000	2.500000	10.000000	35.000000	hcost_propor
403	15	120.000000	45.000000	2.000000	2.500000	10.000000	40.000000	hcost_propor
404	15	120.000000	45.000000	2.000000	2.500000	10.000000	0.000000	hcost_propor
405	15	120.000000	45.000000	2.000000	2.500000	10.000000	1.000000	hcost_propor
406	15	120.000000	45.000000	2.000000	2.500000	10.000000	2.000000	hcost_propor
407	15	120.000000	45.000000	2.000000	2.500000	10.000000	3.000000	hcost_propor
408	15	120.000000	45.000000	2.000000	2.500000	10.000000	4.000000	hcost_propor
409	15	120.000000	45.000000	2.000000	2.500000	10.000000	5.000000	hcost_propor
410	15	120.000000	45.000000	2.000000	2.500000	10.000000	10.000000	hcost_propor
411	15	120.000000	45.000000	2.000000	2.500000	10.000000	15.000000	hcost_propor
412	15	120.000000	45.000000	2.000000	2.500000	10.000000	20.000000	hcost_propor
413	15	120.000000	45.000000	2.000000	2.500000	10.000000	25.000000	hcost_propor
414	15	120.000000	45.000000	2.000000	2.500000	10.000000	30.000000	hcost_propor
415	15	120.000000	45.000000	2.000000	2.500000	10.000000	35.000000	hcost_propor
416	15	120.000000	45.000000	2.000000	2.500000	10.000000	40.000000	hcost_propor
417	15	120.000000	45.000000	2.000000	2.500000	10.000000	0.000000	hcost_propor
418	15	120.000000	45.000000	2.000000	2.500000	10.000000	1.000000	hcost_propor
419	15	120.000000	45.000000	2.000000	2.500000	10.000000	2.000000	hcost_propor
420	15	120.000000	45.000000	2.000000	2.500000	10.000000	3.000000	hcost_propor
421	15	120.000000	45.000000	2.000000	2.500000	10.000000	4.000000	hcost_propor
422	15	120.000000	45.000000	2.000000	2.500000	10.000000	5.000000	hcost_propor
423	15	120.000000	45.000000	2.000000	2.500000	10.000000	10.000000	hcost_propor
424	15	120.000000	45.000000	2.000000	2.500000	10.000000	15.000000	hcost_propor
425	15	120.000000	45.000000	2.000000	2.500000	10.000000	20.000000	hcost_propor
426	15	120.000000	45.000000	2.000000	2.500000	10.000000	25.000000	hcost_propor
427	15	120.000000	45.000000	2.000000	2.500000	10.000000	30.000000	hcost_propor
428	15	120.000000	45.000000	2.000000	2.500000	10.000000	35.000000	hcost_propor
429	15	120.000000	45.000000	2.000000	2.500000	10.000000	40.000000	hcost_propor
430	15	120.000000	45.000000	2.000000	2.500000	10.000000	0.000000	hcost_propor
431	15	120.000000	45.000000	2.000000	2.500000	10.000000	1.000000	hcost_propor
432	15	120.000000	45.000000	2.000000	2.500000	10.000000	2.000000	hcost_propor
433	15	120.000000	45.000000	2.000000	2.500000	10.000000	3.000000	hcost_propor
434	15	120.000000	45.000000	2.000000	2.500000	10.000000	4.000000	hcost_propor
435	15	120.000000	45.000000	2.000000	2.500000	10.000000	5.000000	hcost_propor
436	15	120.000000	45.000000	2.000000	2.500000	10.000000	10.000000	hcost_propor
437	15	120.000000	45.000000	2.000000	2.500000	10.000000	15.000000	hcost_propor
438	15	120.000000	45.000000	2.000000	2.500000	10.000000	20.000000	hcost_propor
439	15	120.000000	45.000000	2.000000	2.500000	10.000000	25.000000	hcost_propor
440	15	120.000000	45.000000	2.000000	2.500000	10.000000	30.000000	hcost_propor
441	15	120.000000	45.000000	2.000000	2.500000	10.000000	35.000000	hcost_propor
442	15	120.000000	45.000000	2.000000	2.500000	10.000000	40.000000	hcost_propor
443	15	120.000000	45.000000	2.000000	2.500000	10.000000	0.000000	hcost_propor
444	15	120.000000	45.000000	2.000000	2.500000	10.000000	1.000000	hcost_propor
445	15	120.000000	45.000000	2.000000	2.500000	10.000000	2.000000	hcost_propor
446	15	120.000000	45.000000	2.000000	2.500000	10.000000	3.000000	hcost_propor
447	15	120.000000	45.000000	2.000000	2.500000	10.000000	4.000000	hcost_propor
448	15	120.000000	45.000000	2.000000	2.500000	10.000000	5.000000	hcost_propor
449	15	120.000000	45.000000	2.000000	2.500000	10.000000	10.000000	hcost_propor
450	15	120.000000	45.000000	2.000000	2.500000	10.000000	15.000000	hcost_propor
451	15	120.000000	45.000000	2.000000	2.500000	10.000000	20.000000	hcost_propor
452	15	120.000000	45.000000	2.000000	2.500000	10.000000	25.000000	hcost_propor
453	15	120.000000	45.000000	2.000000	2.500000	10.000000	30.000000	hcost_propor
454	15	120.000000	45.000000	2.000000	2.500000	10.000000	35.000000	hcost_propor
455	15	120.000000	45.000000	2.000000	2.500000	10.000000	40.000000	hcost_propor
456	15	120.000000	45.000000	2.000000	2.500000	10.000000	0.000000	hcost_propor
457	15	120.000000	45.000000	2.000000	2.500000	10.000000	1.000000	hcost_propor
458	15	120.000000	45.000000	2.000000	2.500000	10.000000	2.000000	hcost_propor
459	15	120.000000	45.000000	2.000000	2.500000	10.000000	3.000000	hcost_propor
460	15	120.000000	45.000000	2.000000	2.500000	10.000000	4.000000	hcost_propor
461	15	120.000000	45.000000	2.000000	2.500000	10.000000	5.000000	hcost_propor
462	15	120.000000	45.000000	2.000000	2.500000	10.000000	10.000000	hcost_propor
463	15	120.000000	45.000000	2.000000	2.500000	10.000000	15.000000	hcost_propor
464	15	120.000000	45.000000	2.000000	2.500000	10.000000	20.000000	hcost_propor
465	15	120.000000	45.000000	2.000000	2.500000	10.000000	25.000000	hcost_propor
466	15	120.000000	45.000000	2.000000	2.500000	10.000000	30.000000	hcost_propor
467	15	120.000000	45.000000	2.000000	2.500000	10.000000	35.000000	hcost_propor
468	15	120.000000	45.000000	2.000000	2.500000	10.000000	40.000000	hcost_propor
469	15	120.000000	45.000000	2.000000	2.500000	10.000000	0.000000	hcost_propor
470	15	120.000000	45.000000	2.000000	2.500000	10.000000	1.000000	hcost_propor
471	15	120.000000	45.000000	2.000000	2.500000	10.000000	2.000000	hcost_propor
472	15	120.000000	45.000000	2.000000	2.500000	10.000000	3.000000	hcost_propor
473	15	120.000000	45.000000	2.000000	2.500000	10.000000	4.000000	hcost_propor
474	15	120.000000	45.000000	2.000000	2.500000	10.000000	5.000000	hcost_propor
475	15	120.000000	45.000000	2.000000	2.500000	10.000000	10.000000	hcost_propor
476	15	120.000000	45.000000	2.000000	2.500000	10.000000	15.000000	hcost_propor
477	15	120.000000	45.000000	2.000000	2.500000	10.000000	20.000000	hcost_propor
478	15	120.000000	45.000000	2.000000	2.500000	10.000000	25.000000	hcost_propor
479	15	120.000000	45.000000	2.000000	2.500000	10.000000	30.000000	hcost_propor
480	15	120.000000	45.000000	2.000000	2.500000	10.000000	35.000000	hcost_propor
481	15	120.000000	45.000000	2.000000	2.500000	10.000000	40.000000	hcost_propor
482	15	120.000000	45.000000	2.000000	2.500000	10.000000	0.000000	hcost_propor
483	15	120.000000	45.000000	2.000000	2.500000	10.000000	1.000000	hcost_propor
484	15	120.000000	45.000000	2.000000	2.500000	10.000000	2.000000	hcost_propor
485	15	120.000000	45.000000	2.000000	2.500000	10.000000	3.000000	hcost_propor
486	15	120.000000	45.000000	2.000000	2.500000	10.000000	4.000000	hcost_propor
487	15	120.000000	45.000000	2.000000	2.500000	10.000000	5.000000	hcost_propor
488	15	120.000000	45.000000	2.000000	2.500000	10.000000	10.000000	hcost_propor
489	15	120.000000	45.000000	2.000000	2.500000	10.000000	15.000000	hcost_propor
490	15	120.000000	45.000000	2.000000	2.500000	10.000000	20.000000	hcost_propor
491	15	120.000000	45.000000	2.000000	2.500000	10.000000	25.000000	hcost_propor
492	15	120.000000	45.000000	2.000000	2.500000	10.000000	30.000000	hcost_propor
493	15	120.000000	45.000000	2.000000	2.500000	10.000000	35.000000	hcost_propor
494	15	120.000000	45.000000	2.000000	2.500000	10.000000	40.000000	hcost_propor
495	15	120.000000	45.000000	2.000000	2.500000	10.000000	0.000000	hcost_propor
496	15	120.000000	45.000000	2.000000	2.500000	10.000000	1.000000	hcost_propor
497	15	120.000000	45.000000	2.000000	2.500000	10.000000	2.000000	hcost_propor
498	15	120.000000	45.000000	2.000000	2.500000	10.000000	3.000000	hcost_propor
499	15	120.000000	45.000000	2.000000	2.500000	10.000000	4.000000	hcost_propor
500	15	120.000000	45.000000	2.000000	2.500000	10.000000	5.000000	hcost_propor
501	15	120.000000	45.000000	2.000000	2.500000	10.000000	10.000000	hcost_propor
502	15	120.000000	45.000000	2.000000	2.500000	10.000000	15.000000	hcost_propor
503	15	120.000000	45.000000	2.000000	2.500000	10.000000	20.000000	hcost_propor
504	15	120.000000	45.000000	2.000000	2.500000	10.000000	25.000000	hcost_propor
505	15	120.000000	45.000000	2.000000	2.500000	10.000000	30.000000	hcost_propor
506	15	120.000000	45.000000	2.000000	2.500000	10.000000	35.000000	hcost_propor
507	15	120.000000	45.000000	2.000000	2.500000	10.000000	40.000000	hcost_propor
508	15	120.000000	45.000000	2.000000	2.500000	10.000000	0.000000	hcost_propor
509	15	120.000000	45.000000	2.000000	2.500000	10.000000	1.000000	hcost_propor
510	15	120.000000	45.000000	2.000000	2.500000	10.000000	2.000000	hcost_propor
511	15	120.000000	45.000000	2.000000	2.500000	10.000000	3.000000	hcost_propor
512	15	120.000000	45.000000	2.000000	2.500000	10.000000	4.000000	hcost_propor
513	15	120.000000	45.000000	2.000000	2.500000	10.000000	5.000000	hcost_propor
514	15	120.000000	45.000000	2.000000	2.500000	10.000000	10.000000	hcost_propor
515	15	120.000000	45.000000	2.000000	2.500000	10.000000	15.000000	hcost_propor
516	15	120.000000	45.000000	2.000000	2.500000	10.000000	20.000000	hcost_propor
517	15	120.000000	45.000000	2.000000	2.500000	10.000000	25.000000	hcost_propor
518	15	120.000000	45.000000	2.000000	2.500000	10.000000	30.000000	hcost_propor
519	15	120.000000	45.000000	2.000000	2.500000	10.000000	35.000000	hcost_propor
520	15	120.000000	45.000000	2.000000	2.500000	10.000000	40.000000	hcost_propor
521	15	120.000000	45.000000	2.000000	2.500000	10.000000	0.000000	hcost_propor
522	15	120.000000	45.000000	2.000000	2.500000	10.000000	1.000000	hcost_propor
523	15	120.000000	45.000000	2.000000	2.500000	10.000000	2.000000	hcost_propor
524	15	120.000000	45.000000	2.000000	2.500000	10.000000	3.000000	hcost_propor
525	15	120.000000	45.000000	2.000000	2.500000	10.000000	4.000000	hcost_propor
526	15	120.000000	45.000000	2.000000	2.500000	10.000000	5.000000	hcost_propor
527	15	120.000000	45.000000	2.000000	2.500000	10.000000	10.000000	hcost_propor
528	15	120.000000	45.000000	2.000000	2.500000	10.000000	15.000000	hcost_propor
529	15	120.000000	45.000000	2.000000	2.500000	10.000000	20.000000	hcost_propor
530	15	120.000000	45.000000	2.000000	2.500000	10.000000	25.000000	hcost_propor
531	15	120.000000	45.000000	2.000000	2.500000	10.000000	30.000000	hcost_propor
532	15	120.000000	45.000000	2.000000	2.500000	10.000000	35.000000	hcost_propor
533	15	120.000000	45.000000	2.000000	2.500000	10.000000	40.000000	hcost_propor
534	15	120.000000	45.000000	2.000000	2.500000	10.000000	0.000000	hcost_propor
535	15	120.000000	45.000000	2.000000	2.500000	10.000000	1.000000	hcost_propor
536	15	120.000000	45.000000	2.000000	2.500000	10.000000	2.000000	hcost_propor
537	15	120.000000	45.000000	2.000000	2.500000	10.000000	3.000000	hcost_propor
538	15	120.000000	45.000000	2.000000	2.500000	10.000000	4.000000	hcost_propor
539	15	120.000000	45.000000	2.000000	2.500000	10.000000	5.000000	hcost_propor
540	15	120.000000	45.000000	2.000000	2.500000	10.000000	10.000000	hcost_propor
541	15	120.000000	45.000000	2.000000	2.500000	10.000000	15.000000	hcost_propor
542	15	120.000000	45.000000	2.000000	2.500000	10.000000	20.000000	hcost_propor
543	15	120.000000	45.000000	2.000000	2.500000	10.000000	25.000000	hcost_propor
544	15	120.000000	45.000000	2.000000	2.500000	10.000000	30.000000	hcost_propor
545	15	120.000000	45.000000	2.000000	2.500000	10.000000	35.000000	hcost_propor
546	15	120.000000	45.000000	2.000000	2.500000	10.000000	40.000000	hcost_propor
547	15	120.000000	45.000000	2.000000	2.500000	10.000000	0.000000	hcost_propor
548	15	120.000000	45.000000	2.000000	2.500000	10.000000	1.000000	hcost_propor
549	15	120.000000	45.000000	2.000000	2.500000	10.000000	2.000000	hcost_propor
550	15	120.000000	45.000000	2.000000	2.500000	10.000000	3.000000	hcost_propor
551	15	120.000000	45.000000	2.000000	2.500000	10.000000	4.000000	hcost_propor
552	15	120.000000	45.000000	2.000000	2.500000	10.000000	5.000000	hcost_propor
553	15	120.000000	45.000000	2.000000	2.500000	10.000000	10.000000	hcost_propor
554	15	120.000000	45.000000	2.000000	2.500000	10.000000	15.000000	hcost_propor
555	15	120.000000	45.000000	2.000000	2.500000	10.000000	20.000000	hcost_propor
556	15	120.000000	45.000000	2.000000	2.500000	10.000000	25.000000	hcost_propor
557	15	120.000000	45.000000	2.000000	2.500000	10.000000	30.000000	hcost_propor
558	15	120.000000	45.000000	2.000000	2.500000	10.000000	35.000000	hcost_propor
559	15	120.000000	45.000000	2.000000	2.500000	10.000000	40.000000	hcost_propor
560	15	120.000000	45.000000	2.000000	2.500000	10.000000	0.000000	hcost_propor
561	15	120.000000	45.000000	2.000000	2.500000	10.000000	1.000000	hcost_propor
562	15	120.000000	45.000000	2.000000	2.500000	10.000000	2.000000	hcost_propor
563	15	120.000000	45.000000	2.000000	2.500000	10.000000	3.000000	hcost_propor
564	15	120.000000	45.000000	2.000000	2.500000	10.000000	4.000000	hcost_propor
565	15	120.000000	45.000000	2.000000	2.500000	10.000000	5.000000	hcost_propor
566	15	120.000000	45.000000	2.000000	2.500000	10.000000	10.000000	hcost_propor
567	15	120.000000	45.000000	2.000000	2.500000	10.000000	15.000000	hcost_propor
568	15	120.000000	45.000000	2.000000	2.500000	10.000000	20.000000	hcost_propor
569	15	120.000000	45.000000	2.000000	2.500000	10.000000	25.000000	hcost_propor
570	15	120.000000	45.000000	2.000000	2.500000	10.000000	30.000000	hcost_propor
571	15	120.000000	45.000000	2.000000	2.500000	10.000000	35.000000	hcost_propor
572	15	120.000000	45.000000	2.000000	2.500000	10.000000	40.000000	hcost_propor
573	15	120.000000	45.000000	2.000000	2.500000	10.000000	0.000000	hcost_propor
574	15	120.000000	45.000000	2.000000	2.500000	10.000000	1.000000	hcost_propor
575	15	120.000000	45.000000	2.000000	2.500000	10.000000	2.000000	hcost_propor
576	15	120.000000	45.000000	2.000000	2.500000	10.000000	3.000000	hcost_propor
577	15	120.000000	45.000000	2.000000	2.500000	10.000000	4.000000	hcost_propor
578	15	120.000000	45.000000	2.000000	2.500000	10.000000	5.000000	hcost_propor
579	15	120.000000	45.000000	2.000000	2.500000	10.000000	10.000000	hcost_propor
580	15	120.000000	45.000000	2.000000	2.500000	10.000000	15.000000	hcost_propor
581	15	120.000000	45.000000	2.000000	2.500000	10.000000	20.000000	hcost_propor
582	15	120.000000	45.000000	2.000000	2.500000	10.000000	25.000000	hcost_propor
583	15	120.000000	45.000000	2.000000	2.500000	10.000000	30.000000	hcost_propor
584	15	120.000000	45.000000	2.000000	2.500000	10.000000	35.000000	hcost_propor
585	15	120.000000	45.000000	2.000000	2.500000	10.000000	40.000000	hcost_propor
586	15	120.000000	45.000000	2.000000	2.500000	10.000000	0.000000	hcost_propor
587	15	120.000000	45.000000	2.000000	2.500000	10.000000	1.000000	hcost_propor
588	15	120.000000	45.000000	2.000000	2.500000	10.000000	2.000000	hcost_propor
589	15	120.000000	45.000000	2.000000	2.500000	10.000000	3.000000	hcost_propor
590	15	120.000000	45.000000	2.000000	2.500000	10.000000	4.000000	hcost_propor
591	15	120.000000	45.000000	2.000000	2.500000	10.000000	5.000000	hcost_propor
592	15	120.000000	45.000000	2.000000	2.500000	10.000000	10.000000	hcost_propor
593	15	120.000000	45.000000	2.000000	2.500000	10.000000	15.000000	hcost_propor
594	15	120.000000	45.000000	2.000000	2.500000	10.000000	20.000000	hcost_propor
595	15	120.000000	45.000000	2.000000	2.500000	10.000000	25.000000	hcost_propor
596	15	120.000000	45.000000	2.000000	2.500000	10.000000	30.000000	hcost_propor
597	15	120.000000	45.000000	2.000000	2.500000	10.000000	35.000000	hcost_propor
598	15	120.000000	45.000000	2.000000	2.500000	10.000000	40.000000	hcost_propor
599	15	120.000000	45.000000	2.000000	2.500000	10.000000	0.000000	hcost_propor
600	15	120.000000	45.000000	2.000000	2.500000	10.000000	1.000000	hcost_propor
601	15	120.000000	45.000000	2.000000	2.500000	10.000000	2.000000	hcost_propor
602	15	120.000000	45.000000	2.000000	2.500000	10.000000	3.000000	hcost_propor
603	15	120.000000	45.000000	2.000000	2.500000	10.000000	4.000000	hcost_propor
604	15	120.000000	45.000000	2.000000	2.500000	10.000000	5.000000	hcost_propor
605	15	120.000000	45.000000	2.000000	2.500000	10.000000	10.000000	hcost_propor
606	15	120.000000	45.000000	2.000000	2.500000	10.000000	15.000000	hcost_propor
607	15	120.000000	45.000000	2.000000	2.500000	10.000000	20.000000	hcost_propor
608	15	120.000000	45.000000	2.000000	2.500000	10.000000	25.000000	hcost_propor
609	15	120.000000	45.000000	2.000000	2.500000	10.000000	30.000000	hcost_propor
610	15	120.000000	45.000000	2.000000	2.500000	10.000000	35.000000	hcost_propor
611	15	120.000000	45.000000	2.000000	2.500000	10.000000	40.000000	hcost_propor
612	15	120.000000	45.000000	2.000000	2.500000	10.000000	0.000000	hcost_propor
613	15	120.000000	45.000000	2.000000	2.500000	10.000000	1.000000	hcost_propor
614	15	120.000000	45.000000	2.000000	2.500000	10.000000	2.000000	hcost_propor
615	15	120.000000	45.000000	2.000000	2.500000	10.000000	3.000000	hcost_propor
616	15	120.000000	45.000000	2.000000	2.500000	10.000000	4.000000	hcost_propor
617	15	120.000000	45.000000	2.000000	2.500000	10.000000	5.000000	hcost_propor
618	15	120.000000	45.000000	2.000000	2.500000	10.000000	10.000000	hcost_propor
619	15	120.000000	45.000000	2.000000	2.500000	10.000000	15.000000	hcost_propor
620	15	120.000000	45.000000	2.000000	2.500000	10.000000	20.000000	hcost_propor
621	15	120.000000	45.000000	2.000000	2.500000	10.000000	25.000000	hcost_propor
622	15	120.000000	45.000000	2.000000	2.500000	10.000000	30.000000	hcost_propor
623	15	120.000000	45.000000	2.000000	2.500000	10.000000	35.000000	hcost_propor
624	15	120.000000	45.000000	2.000000	2.500000	10.000000	40.000000	hcost_propor
625	15	120.000000	45.000000	2.000000	2.500000	10.000000	0.000000	hcost_propor
626	15	120.000000	45.000000	2.000000	2.500000	10.000000	1.000000	hcost_propor
627	15	120.000000	45.000000	2.000000	2.500000	10.000000	2.000000	hcost_propor
628	15	120.000000	45.000000	2.000000	2.500000	10.000000	3.000000	hcost_propor
629	15	120.000000	45.000000	2.000000	2.500000	10.000000	4.000000	hcost_propor
630	15	120.000000	45.000000	2.000000	2.500000	10.000000	5.000000	hcost_propor
631	15	120.000000	45.000000	2.000000	2.500000	10.000000	10.000000	hcost_propor
632	15	120.000000	45.000000	2.000000	2.500000	10.000000	15.000000	hcost_propor
633	15	120.000000	45.000000	2.000000	2.500000	10.000000	20.000000	hcost_propor
634	15	120.000000	45.000000	2.000000	2.500000	10.000000	25.000000	hcost_propor
635	15	120.000000	45.000000	2.000000	2.500000	10.000000	30.000000	hcost_propor
636	15	120.000000	45.000000	2.000000	2.500000	10.000000	35.000000	hcost_propor
637	15	120.000000	45.000000	2.000000	2.500000	10.000000	40.000000	hcost_propor
638	15	120.000000	45.000000	2.000000	2.500000	10.000000	0.000000	hcost_propor
639	15	120.000000	45.000000	2.000000	2.500000	10.000000	1.000000	hcost_propor
640	15	120.000000	45.000000	2.000000	2.500000	10.000000	2.000000	hcost_propor
641	15	120.000000	45.000000	2.000000	2.500000	10.000000	3.000000	hcost_propor
642	15	120.000000	45.000000	2.000000	2.500000	10.000000	4.000000	hcost_propor
643	15	120.000000	45.000000	2.000000	2.500000	10.000000	5.000000	hcost_propor
644	15	120.000000	45.000000	2.000000	2.500000	10.000000	10.000000	hcost_propor
645	15	120.000000	45.000000	2.000000	2.500000	10.000000	15.000000	hcost_propor
646	15	120.000000	45.000000	2.000000	2.500000	10.000000	20.000000	hcost_propor
647	15	120.000000	45.000000	2.000000	2.500000	10.000000	25.000000	hcost_propor
648	15	120.000000	45.000000	2.000000	2.500000	10.000000	30.000000	hcost_propor
649	15	120.000000	45.000000	2.000000	2.500000	10.000000	35.000000	hcost_propor
650	15	120.000000	45.000000	2.000000	2.500000	10.000000	40.000000	hcost_propor
651	15	120.000000	45.000000	2.000000	2.500000	10.000000	0.000000	hcost_propor
652	15	120.000000	45.000000	2.000000	2.500000	10.000000	1.000000	hcost_propor
653	15	120.000000	45.000000	2.000000	2.500000	10.000000	2.000000	hcost_propor
654	15	120.000000	45.000000	2.000000	2.500000	10.000000	3.000000	hcost_propor
655	15	120.000000	45.000000	2.000000	2.500000	10.000000	4.000000	hcost_propor
656	15	120.000000	45.000000	2.000000	2.500000	10.000000	5.000000	hcost_propor
657	15	120.000000	45.000000	2.000000	2.500000	10.000000	10.000000	hcost_propor
658	15	120.000000	45.000000	2.000000	2.500000	10.000000	15.000000	hcost_propor
659	15	120.000000	45.000000	2.000000	2.500000	10.000000	20.000000	hcost_propor
660	15	120.000000	45.000000	2.000000	2.500000	10.000000	25.000000	hcost_propor
661	15	120.000000	45.000000	2.000000	2.500000	10.000000	30.000000	hcost_propor
662	15	120.000000	45.000000	2.000000	2.500000	10.000000	35.000000	hcost_propor
663	15	120.000000	45.000000	2.000000	2.500000	10.000000	40.000000	hcost_propor
664	15	120.000000	45.000000	2.000000	2.500000	10.000000	0.000000	hcost_propor
665	15	120.000000	45.000000	2.000000	2.500000	10.000000	1.000000	hcost_propor
666	15	120.000000	45.000000	2.000000	2.500000	10.000000	2.000000	hcost_propor
667	15	120.000000	45.000000	2.000000	2.500000	10.000000	3.000000	hcost_propor
668	15	120.000000	45.000000	2.000000	2.500000	10.000000	4.000000	hcost_propor
669	15	120.000000	45.000000	2.000000	2.500000	10.000000	5.000000	hcost_propor
670	15	120.000000	45.000000	2.000000	2.500000	10.000000	10.000000	hcost_propor
671	15	120.000000	45.000000	2.000000	2.500000	10.000000	15.000000	hcost_propor
672	15	120.000000	45.000000	2.000000	2.500000	10.000000	20.000000	hcost_propor
673	15	120.000000	45.000000	2.000000	2.500000	10.000000	25.000000	hcost_propor
674	15	120.000000	45.000000	2.000000	2.500000	10.000000	30.000000	hcost_propor
675	15	120.000000	45.000000	2.000000	2.500000	10.000000	35.000000	hcost_propor
676	15	120.000000	45.000000	2.000000	2.500000	10.000000	40.000000	hcost_propor
677	15	120.000000	45.000000	2.000000	2.500000	10.000000	0.000000	hcost_propor
678	15	120.000000	45.000000	2.000000	2.500000	10.000000	1.000000	hcost_propor
679	15	120.000000	45.000000	2.000000	2.500000	10.000000	2.000000	hcost_propor
680	15	120.000000	45.000000	2.000000	2.500000	10.000000	3.000000	hcost_propor
681	15	120.000000	45.000000	2.000000	2.500000	10.000000	4.000000	hcost_propor
682	15	120.000000	45.000000	2.000000	2.500000	10.000000	5.000000	hcost_propor
683	15	120.000000	45.000000	2.000000	2.500000	10.000000	10.000000	hcost_propor
684	15	120.000000	45.000000	2.000000	2.500000	10.000000	15.000000	hcost_propor
685	15	120.000000	45.000000	2.000000	2.500000	10.000000	20.000000	hcost_propor
686	15	120.000000	45.000000	2.000000	2.500000	10.000000	25.000000	hcost_propor
687	15	120.000000	45.000000	2.000000	2.500000	10.000000	30.000000	hcost_propor
688	15	120.000000	45.000000	2.000000	2.500000	10.000000	35.000000	hcost_propor
689	15	120.000000	45.000000	2.000000	2.500000	10.000000	40.000000	hcost_propor
690	15	120.000000	45.000000	2.000000	2.500000	10.000000	0.000000	hcost_propor
691	15	120.000000	45.000000	2.000000	2.500000	10.000000	1.000000	hcost_propor
692	15	120.000000	45.000000	2.000000	2.500000	10.000000	2.000000	hcost_propor
693	15	120.000000	45.000000	2.000000	2.500000	10.000000	3.000000	hcost_propor
694	15	120.000000	45.000000	2.000000	2.500000	10.000000	4.000000	hcost_propor
695	15	120.000000	45.000000	2.000000	2.500000	10.000000	5.000000	hcost_propor
696	15	120.000000	45.000000	2.000000	2.500000	10.000000	10.000000	hcost_propor
697	15	120.000000	45.000000	2.000000	2.500000	10.000000	15.000000	hcost_propor
698	15	120.000000	45.000000	2.000000	2.500000	10.000000	20.000000	hcost_propor
699	15	120.000000	45.000000	2.000000	2.500000	10.000000	25.000000	hcost_propor
700	15	120.000000	45.000000	2.000000	2.500000	10.000000	30.000000	hcost_propor
701	15	120.000000	45.000000	2.000000	2.500000	10.000000	35.000000	hcost_propor
702	15	120.000000	45.000000	2.000000	2.500000	10.000000	40.000000	hcost_propor
703	15	120.000000	45.000000	2.000000	2.500000	10.000000	0.000000	hcost_propor
704	15	120.000000	45.000000	2.000000	2.500000	10.000000	1.000000	hcost_propor
705	15	120.000000	45.000000	2.000000	2.500000	10.000000	2.000000	hcost_propor
706	15	120.000000	45.000000	2.000000	2.500000	10.000000	3.000000	hcost_propor
707	15	120.000000	45.000000	2.000000	2.500000	10.000000	4.000000	hcost_propor
708	15	120.000000	45.000000	2.000000	2.500000	10.000000	5.000000	hcost_propor
709	15	120.000000	45.000000	2.000000	2.500000	10.000000	10.000000	hcost_propor
710	15	120.000000	45.000000	2.000000	2.500000	10.000000	15.000000	hcost_propor
711	15	120.000000	45.000000	2.000000	2.500000	10.000000	20.000000	hcost_propor
712	15	120.000000	45.000000	2.000000	2.500000	10.000000	25.000000	hcost_propor
713	15	120.000000	45.000000	2.000000	2.500000	10.000000	30.000000	hcost_propor
714	15	120.000000	45.000000	2.000000	2.500000	10.000000	35.000000	hcost_propor
715	15	120.000000	45.000000	2.000000	2.500000	10.000000	40.000000	hcost_propor
716	15	120.000000	45.000000	2.000000	2.500000	10.000000	0.000000	hcost_propor
717	15	120.000000	45.000000	2.000000	2.500000	10.000000	1.000000	hcost_propor
718	15	120.000000	45.000000	2.000000	2.500000	10.000000	2.000000	hcost_propor
719	15	120.000000	45.000000	2.000000	2.500000	10.000000	3.000000	hcost_propor
720	15	120.000000	45.000000	2.000000	2.500000	10.000000	4.000000	hcost_propor
721	15	120.000000	45.000000	2.000000	2.500000	10.000000	5.000000	hcost_propor
722	15	120.000000	45.000000	2.000000	2.500000	10.000000	10.000000	hcost_propor
723	15	120.000000	45.000000	2.000000	2.500000	10.000000	15.000000	hcost_propor
724	15	120.000000	45.000000	2.000000	2.500000	10.000000	20.000000	hcost_propor
725	15	120.000000	45.000000	2.000000	2.500000	10.000000	25.000000	hcost_propor
726	15	120.000000	45.000000	2.000000	2.500000	10.000000	30.000000	hcost_propor
727	15	120.000000	45.000000	2.000000	2.500000	10.000000	35.000000	hcost_propor
728	15	120.000000	45.000000	2.000000	2.500000	10.000000	40.000000	hcost_propor
729	15	120.000000	45.000000	2.000000	2.500000	10.000000	0.000000	hcost_propor
730	15	120.000000	45.000000	2.000000	2.500000	10.000000	1.000000	hcost_propor
731	15	120.000000	45.000000	2.000000	2.500000	10.000000	2.000000	hcost_propor
732	15	120.000000	45.000000	2.000000	2.500000	10.000000	3.000000	hcost_propor
733	15	120.000000	45.000000	2.000000	2.500000	10.000000	4.000000	hcost_propor
734	15	120.000000	45.000000	2.000000	2.500000	10.000000	5.000000	hcost_propor
735	15	120.000000	45.000000	2.000000	2.500000	10.000000	10.000000	hcost_propor
736	15	120.000000	45.000000	2.000000	2.500000	10.000000	15.000000	hcost_propor
737	15	120.000000	45.000000	2.000000	2.500000	10.000000	20.000000	hcost_propor
738	15	120.000000	45.000000	2.000000	2.500000	10.000000	25.000000	hcost_propor
739	15	120.000000	45.000000	2.000000	2.500000	10.000000	30.000000	hcost_propor
740	15	120.000000	45.000000	2.000000	2.500000	10.000000	35.000000	hcost_propor
741	15	120.000000	45.000000	2.000000	2.500000	10.000000	40.000000	hcost_propor
742	15	120.000000	45.000000	2.000000	2.500000	10.000000	0.000000	hcost_propor
743	15	120.000000	45.000000	2.000000	2.500000	10.000000	1.000000	hcost_propor
744	15	120.000000	45.000000	2.000000	2.500000	10.000000	2.000000	hcost_propor
745	15	120.000000	45.000000	2.000000	2.500000	10.000000	3.000000	hcost_propor
746	15	120.000000	45.000000	2.000000	2.500000	10.000000	4.000000	hcost_propor
747	15	120.000000	45.000000	2.000000	2.500000	10.000000	5.000000	hcost_propor
748	15	120.000000	45.000000	2.000000	2.500000	10.000000	10.000000	hcost_propor
749	15	120.000000	45.000000	2.000000	2.500000	10.000000	15.000000	hcost_propor
750	15	120.000000	45.000000	2.000000	2.500000	10.000000	20.000000	hcost_propor
751	15	120.000000	45.000000	2.000000	2.500000	10.000000	25.000000	hcost_propor
752	15	120.000000	45.000000	2.000000	2.500000	10.000000	30.000000	hcost_propor
753	15	120.000000	45.000000	2.000000	2.500000	10.000000	35.000000	hcost_propor
754	15	120.000000	45.000000	2.000000	2.500000	10.000000	40.000000	hcost_propor
755	15	120.000000	45.000000	2.000000	2.500000	10.000000	0.000000	hcost_propor
756	15	120.000000	45.000000	2.000000	2.500000	10.000000	1.000000	hcost_propor
757	15	120.000000	45.000000	2.000000	2.500000	10.000000	2.000000	hcost_propor
758	15	120.000000	45.000000	2.000000	2.500000	10.000000	3.000000	hcost_propor
759	15	120.000000	45.000000	2.000000	2.500000	10.000000	4.000000	hcost_propor
760	15	120.000000	45.000000	2.000000	2.500000	10.000000	5.000000	hcost_propor
761	15	120.000000	45.000000	2.000000	2.500000	10.000000	10.000000	hcost_propor
762	15	120.000000	45.000000	2.000000	2.500000	10.000000	15.000000	hcost_propor
763	15	120.000000	45.000000	2.000000	2.500000	10.000000	20.000000	hcost_propor
764	15	120.000000	45.000000	2.000000	2.500000	10.000000	25.000000	hcost_propor
765	15	120.000000	45.000000	2.000000	2.500000	10.000000	30.000000	hcost_propor
766	15	120.000000	45.000000	2.000000	2.500000	10.000000	35.000000	hcost_propor
767	15	120.000000	45.000000	2.000000	2.500000	10.000000	40.000000	hcost_propor
768	15	120.000000	45.000000	2.000000	2.500000	10.000000	0.000000	hcost_propor
769	15	120.000000	45.000000	2.000000	2.500000	10.000000	1.000000	hcost_propor
770	15	120.000000	45.000000	2.000000	2.500000	10.000000	2.000000	hcost_propor
771	15	120.000000	45.000000	2.000000	2.500000	10.000000	3.000000	hcost_propor
772	15	120.000000	45.000000	2.000000	2.500000	10.000000	4.000000	hcost_propor
773	15	120.000000	45.000000	2.000000	2.500000	10.000000	5.000000	hcost_propor
774	15	120.000000	45.000000	2.000000	2.500000	10.000000	10.000000	hcost_propor
775	15	120.000000	45.000000	2.000000	2.500000	10.000000	15.000000	hcost_propor
776	15	120.000000	45.000000	2.000000	2.500000	10.000000	20.000000	hcost_propor
777	15	120.000000	45.000000	2.000000	2.500000	10.000000	25.000000	hcost_propor
778	15	120.000000	45.000000	2.000000	2.500000	10.000000	30.000000	hcost_propor
779	15	120.000000	45.000000	2.000000	2.500000	10.000000	35.000000	hcost_propor
780	15	120.000000	45.000000	2.000000	2.500000	10.000000	40.000000	hcost_propor
781	15	120.000000	45.000000	2.000000	2.500000	10.000000	0.000000	hcost_propor
782	15	120.000000	45.000000	2.000000	2.500000	10.000000	1.000000	hcost_propor
783	15	120.000000	45.000000	2.000000	2.500000	10.000000	2.000000	hcost_propor
784	15	120.000000	45.000000	2.000000	2.500000	10.000000	3.000000	hcost_propor
785	15	120.000000	45.000000	2.000000	2.500000	10.000000	4.000000	hcost_propor
786	15	120.000000	45.000000	2.000000	2.500000	10.000000	5.000000	hcost_propor
787	15	120.000000	45.000000	2.000000	2.500000	10.000000	10.000000	hcost_propor
788	15	120.000000	45.000000	2.000000	2.500000	10.000000	15.000000	hcost_propor
789	15	120.000000	45.000000	2.000000	2.500000	10.000000	20.000000	hcost_propor
790	15	120.000000	45.000000	2.000000	2.500000	10.000000	25.000000	hcost_propor
791	15	120.000000	45.000000	2.000000	2.500000	10.000000	30.000000	hcost_propor
792	15	120.000000	45.000000	2.000000	2.500000	10.000000	35.000000	hcost_propor
793	15	120.000000	45.000000	2.000000	2.500000	10.000000	40.000000	hcost_propor
794	15	120.000000	45.000000	2.000000	2.500000	10.000000	0.000000	hcost_propor
795	15	120.000000	45.000000	2.000000	2.500000	10.000000	1.000000	hcost_propor
796	15	120.000000	45.000000	2.000000	2.500000	10.000000	2.000000	hcost_propor
797	15	120.000000	45.000000	2.000000	2.500000	10.000000	3.000000	hcost_propor
798	15	120.000000	45.000000	2.000000	2.500000	10.000000	4.000000	hcost_propor
799	15	120.000000	45.000000	2.000000	2.500000	10.000000	5.000000	hcost_propor
800	15	120.000000	45.000000	2.000000	2.500000	10.000000	10.000000	hcost_propor
801	15	120.000000	45.000000	2.000000	2.500000	10.000000	15.000000	hcost_propor
802	15	120.000000	45.000000	2.000000	2.500000	10.000000	20.000000	hcost_propor
803	15	120.000000	45.000000	2.000000	2.500000	10.000000	25.000000	hcost_propor
804	15	120.000000	45.000000	2.000000	2.500000	10.000000	30.000000	hcost_propor
805	15	120.000000	45.000000	2.000000	2.500000	10.000000	35.000000	hcost_propor
806	15	120.000000	45.000000	2.000000	2.500000	10.000000	40.000000	hcost_propor
807	15	120.000000	45.000000	2.000000	2.500000	10.000000	0.000000	hcost_propor
808	15	120.000000	45.000000	2.000000	2.500000	10.000000	1.000000	hcost_propor
809	15	120.000000	45.000000	2.000000	2.500000	10.000000	2.000000	hcost_propor
810	15	120.000000	45.000000	2.000000	2.500000	10.000000	3.000000	hcost_propor
811	15	120.000000	45.000000	2.000000	2.500000	10.000000	4.000000	hcost_propor
812	15	120.000000	45.000000	2.000000	2.500000	10.000000	5.000000	hcost_propor
813	15	120.000000	45.000000	2.000000	2.500000	10.000000	10.000000	hcost_propor
814	15	120.000000	45.000000	2.000000	2.500000	10.000000	15.000000	hcost_propor
815	15	120.000000	45.000000	2.000000	2.500000	10.000000	20.000000	hcost_propor
816	15	120.000000	45.000000	2.000000	2.500000	10.000000	25.000000	hcost_propor
817	15	120.000000	45.000000	2.000000	2.500000	10.000000	30.000000	hcost_propor
818	15	120.000000	45.000000	2.000000	2.500000	10.000000	35.000000	hcost_propor
819	15	120.000000	45.000000	2.000000	2.500000	10.000000	40.000000	hcost_propor
820	15	120.000000	45.000000	2.000000	2.500000	10.000000	0.000000	hcost_propor
821	15	120.000000	45.000000	2.000000	2.500000	10.000000	1.000000	hcost_propor
822	15	120.000000	45.000000	2.000000	2.500000	10.000000	2.000000	hcost_propor
823	15	120.000000	45.000000	2.000000	2.500000	10.000000	3.000000	hcost_propor
824	15	120.000000	45.000000	2.000000	2.500000	10.000000	4.000000	hcost_propor
825	15	120.000000	45.000000	2.000000	2.500000	10.000000	5.000000	hcost_propor
826	15	120.000000	45.000000	2.000000	2.500000	10.000000	10.000000	hcost_propor
827	15	120.000000	45.000000	2.000000	2.500000	10.000000	15.000000	hcost_propor
828	15	120.000000	45.000000	2.000000	2.500000	10.000000	20.000000	hcost_propor
829	15	120.000000	45.000000	2.000000	2.500000	10.000000	25.000000	hcost_propor
830	15	120.000000	45.000000	2.000000	2.500000	10.000000	30.000000	hcost_propor
831	15	120.000000	45.000000	2.000000	2.500000	10.000000	35.000000	hcost_propor
832	15	120.000000	45.000000	2.000000	2.500000	10.000000	40.000000	hcost_propor
833	15	120.000000	45.000000	2.000000	2.500000	10.000000	0.000000	hcost_propor
834	15	120.000000	45.000000	2.000000	2.500000	10.000000	1.000000	hcost_propor
835	15	120.000000	45.000000	2.000000	2.500000	10.000000	2.000000	hcost_propor
836	15	120.000000	45.000000	2.000000	2.500000	10.000000	3.000000	hcost_propor
837	15	120.000000	45.000000	2.000000	2.500000	10.000000	4.000000	hcost_propor
838	15	120.000000	45.000000	2.000000	2.500000	10.000000	5.000000	hcost_propor
839	15	120.000000	45.000000	2.000000	2.500000	10.000000	10.000000	hcost_propor
840	15	120.000000	45.000000	2.000000	2.500000	10.000000	15.000000	hcost_propor
841	15	120.000000	45.000000	2.000000	2.500000	10.000000	20.000000	hcost_propor
842	15	120.000000	45.000000	2.000000	2.500000	10.000000	25.000000	hcost_propor
843	15	120.000000	45.000000	2.000000	2.500000	10.000000	30.000000	hcost_propor
844	15	120.000000	45.000000	2.000000	2.500000	10.000000	35.000000	hcost_propor
845	15	120.000000	45.000000	2.000000	2.500000	10.000000	40.000000	hcost_propor
846	15	120.000000	45.000000	2.000000	2.500000	10.000000	0.000000	hcost_propor
847	15	120.000000	45.000000	2.000000	2.500000	10.000000	1.000000	hcost_propor
848	15	120.000000	45.000000	2.000000	2.500000	10.000000	2.000000	hcost_propor
849	15	120.000000	45.000000	2.000000	2.500000	10.000000	3.000000	hcost_propor
850	15	120.000000	45.000000	2.000000	2.500000	10.000000	4.000000	hcost_propor
851	15	120.000000	45.000000	2.000000	2.500000	10.000000	5.000000	hcost_propor
852	15	120.000000	45.000000	2.000000	2.500000	10.000000	10.000000	hcost_propor
853	15	120.000000	45.000000	2.000000	2.500000	10.000000	15.000000	hcost_propor
854	15	120.000000	45.000000	2.000000	2.500000	10.000000	20.000000	hcost_propor
855	15	120.000000	45.000000	2.000000	2.500000	10.000000	25.000000	hcost_propor
856	15	120.000000	45.000000	2.000000	2.500000	10.000000	30.000000	hcost_propor
857	15	120.000000	45.000000	2.000000	2.500000	10.000000	35.000000	hcost_propor
858	15	120.000000	45.000000	2.000000	2.500000	10.000000	40.000000	hcost_propor
859	15	120.000000	45.000000	2.000000	2.500000	10.000000	0.000000	hcost_propor
860	15	120.000000	45.000000	2.000000	2.500000	10.000000	1.000000	hcost_propor
861	15	120.000000	45.000000	2.000000	2.500000	10.000000	2.000000	hcost_propor
862	15	120.000000	45.000000	2.000000	2.500000	10.000000	3.000000	hcost_propor
863	15	120.000000	45.000000	2.000000	2.500000	10.000000	4.000000	hcost_propor
864	15	120.000000	45.000000	2.000000	2.500000	10.000000	5.000000	hcost_propor
865	15	120.000000	45.000000	2.000000	2.500000	10.000000	10.000000	hcost_propor
866	15	120.000000	45.000000	2.000000	2.500000	10.000000	15.000000	hcost_propor
867	15	120.000000	45.000000	2.000000	2.500000	10.000000	20.000000	hcost_propor
868	15	120.000000	45.000000	2.000000	2.500000	10.000000	25.000000	hcost_propor
869	15	120.000000	45.000000	2.000000	2.500000	10.000000	30.000000	hcost_propor
870	15	120.000000	45.000000	2.000000	2.500000	10.000000	35.000000	hcost_propor
871	15	120.000000	45.000000	2.000000	2.500000	10.000000	40.000000	hcost_propor
872	15	120.000000	45.000000	2.000000	2.500000	10.000000	0.000000	hcost_propor
873	15	120.000000	45.000000	2.000000	2.500000	10.000000	1.000000	hcost_propor
874	15	120.000000	45.000000	2.000000	2.500000	10.000000	2.000000	hcost_propor
875	15	120.000000	45.000000	2.000000	2.500000	10.000000	3.000000	hcost_propor
876	15	120.000000	45.000000	2.000000	2.500000	10.000000	4.000000	hcost_propor
877	15	120.000000	45.000000	2.000000	2.500000	10.000000	5.000000	hcost_propor
878	15	120.000000	45.000000	2.000000	2.500000	10.000000	10.000000	hcost_propor
879	15	120.000000	45.000000	2.000000	2.500000	10.000000	15.000000	hcost_propor
880	15	120.000000	45.000000	2.000000	2.500000	10.000000	20.000000	hcost_propor
881	15	120.000000	45.000000	2.000000	2.500000	10.000000	25.000000	hcost_propor
882	15	120.000000	45.000000	2.000000	2.500000	10.000000	30.000000	hcost_propor
883	15	120.000000	45.000000	2.000000	2.500000	10.000000	35.000000	hcost_propor
884	15	120.000000	45.000000	2.000000	2.500000	10.000000	40.000000	hcost_propor
885	15	120.000000	45.000000	2.000000	2.500000	10.000000	0.000000	hcost_propor
886	15	120.000000	45.000000	2.000000	2.500000	10.000000	1.000000	hcost_propor
887	15	120.000000	45.000000	2.000000	2.500000	10.000000	2.000000	hcost_propor
888	15	120.000000	45.000000	2.000000	2.500000	10.000000	3.000000	hcost_propor
889	15	120.000000	45.000000	2.000000	2.500000	10.000000	4.000000	hcost_propor
890	15	120.000000	45.000000	2.000000	2.500000	10.000000	5.000000	hcost_propor
891	15	120.000000	45.000000	2.000000	2.500000	10.000000	10.000000	hcost_propor
892	15	120.000000	45.000000	2.000000	2.500000	10.000000	15.000000	hcost_propor
893	15	120.000000	45.000000	2.000000	2.500000	10.000000	20.000000	hcost_propor
894	15	120.000000	45.000000	2.000000	2.500000	10.000000	25.000000	hcost_propor
895	15	120.000000	45.000000	2.000000	2.500000	10.000000	30.000000	hcost_propor
896	15	120.000000	45.000000	2.000000	2.500000	10.000000	35.000000	hcost_propor
897	15	120.000000	45.000000	2.000000	2.500000	10.000000	40.000000	hcost_propor
898	15	120.000000	45.000000	2.000000	2.500000	10.000000	0.000000	hcost_propor
899	15	120.000000	45.000000	2.000000	2.500000	10.000000	1.000000	hcost_propor
900	15	120.000000	45.000000	2.000000	2.500000	10.000000	2.000000	hcost_propor
901	15	120.000000	45.000000	2.000000	2.500000	10.000000	3.000000	hcost_propor
902	15	120.000000	45.000000	2.000000	2.500000	10.000000	4.000000	hcost_propor
903	15	120.000000	45.000000	2.000000	2.500000	10.000000	5.000000	hcost_propor
904	15	120.000000	45.000000	2.000000	2.500000	10.000000	10.000000	hcost_propor
905	15	120.000000	45.000000	2.000000	2.500000	10.000000	15.000000	hcost_propor
906	15	120.000000	45.000000	2.000000	2.500000	10.000000	20.000000	hcost_propor
907	15	120.000000	45.000000	2.000000	2.500000	10.000000	25.000000	hcost_propor
908	15	120.000000	45.000000	2.000000	2.500000	10.000000	30.000000	hcost_propor
909	15	120.000000	45.000000	2.000000	2.500000	10.000000	35.000000	hcost_propor
910	15	120.000000	45.000000	2.000000	2.500000	10.000000	40.000000	hcost_propor
911	15	120.000000	45.000000	2.000000	2.500000	10.000000	0.000000	hcost_propor
912	15	120.000000	45.000000	2.000000	2.500000	10.000000	1.000000	hcost_propor
913	15	120.000000	45.000000	2.000000	2.500000	10.000000	2.000000	hcost_propor
914	15	120.000000	45.000000	2.000000	2.500000	10.000000	3.000000	hcost_propor
915	15	120.000000	45.000000	2.000000	2.500000	10.000000	4.000000	hcost_propor
916	15	120.000000	45.000000	2.000000	2.500000	10.000000	5.000000	hcost_propor
917	15	120.000000	45.000000	2.000000	2.500000	10.000000	10.000000	hcost_propor
918	15	120.000000	45.000000	2.000000	2.500000	10.000000	15.000000	hcost_propor
919	15	120.000000	45.000000	2.000000	2.500000	10.000000	20.000000	hcost_propor
920	15	120.000000	45.000000	2.000000	2.500000	10.000000	25.000000	hcost_propor
921	15	120.000000	45.000000	2.000000	2.500000	10.000000	30.000000	hcost_propor
922	15	120.000000	45.000000	2.000000	2.500000	10.000000	35.000000	hcost_propor
923	15	120.000000	45.000000	2.000000	2.500000	10.000000	40.000000	hcost_propor
924	15	120.000000	45.000000	2.000000	2.500000	10.000000	0.000000	hcost_propor
925	15	120.000000	45.000000	2.000000	2.500000	10.000000	1.000000	hcost_propor
926	15	120.000000	45.000000	2.000000	2.500000	10.000000	2.000000	hcost_propor
927	15	120.000000	45.000000	2.000000	2.500000	10.000000	3.000000	hcost_propor
928	15	120.000000	45.000000	2.000000	2.500000	10.000000	4.000000	hcost_propor
929	15	120.000000	45.000000	2.000000	2.500000	10.000000	5.000000	hcost_propor
930	15	120.000000	45.000000	2.000000	2.500000	10.000000	10.000000	hcost_propor
931	15	120.000000	45.000000	2.000000	2.500000	10.000000	15.000000	hcost_propor
932	15	120.000000	45.000000	2.000000	2.500000	10.000000	20.000000	hcost_propor
933	15	120.000000	45.000000	2.000000	2.500000	10.000000	25.000000	hcost_propor
934	15	120.000000	45.000000	2.000000	2.500000	10.000000	30.000000	hcost_propor
935	15	120.000000	45.000000	2.000000	2.500000	10.000000	35.000000	hcost_propor
936	15	120.000000	45.000000	2.000000	2.500000	10.000000	40.000000	hcost_propor
937	15	120.000000	45.000000	2.000000	2.500000	10.000000	0.000000	hcost_propor
938	15	120.000000	45.000000	2.000000	2.500000	10.000000	1.000000	hcost_propor
939	15	120.000000	45.000000	2.000000	2.500000	10.000000	2.000000	hcost_propor
940	15	120.000000	45.000000	2.000000	2.500000	10.000000	3.000000	hcost_propor
941	15	120.000000	45.000000	2.000000	2.500000	10.000000	4.000000	hcost_propor
942	15	120.000000	45.000000	2.000000	2.500000	10.000000	5.000000	hcost_propor
943	15	120.000000	45.000000	2.000000	2.500000	10.000000	10.000000	hcost_propor
944	15	120.000000	45.000000	2.000000	2.500000	10.000000	15.000000	hcost_propor
945	15	120.000000	45.000000	2.000000	2.500000	10.000000	20.000000	hcost_propor
946	15	120.000000	45.000000	2.000000	2.500000	10.000000	25.000000	hcost_propor
947	15	120.000000	45.000000	2.000000	2.500000	10.000000	30.000000	hcost_propor
948	15	120.000000	45.000000	2.000000	2.500000	10.000000	35.000000	hcost_propor
949	15	120.000000	45.000000	2.000000	2.500000	10.000000	40.000000	hcost_propor
950	15	120.000000	45.000000	2.000000	2.500000	10.000000	0.000000	hcost_propor
951	15	120.000000	45.000000	2.000000	2.500000	10.000000	1.000000	hcost_propor
952	15	120.000000	45.000000	2.000000	2.500000	10.000000	2.000000	hcost_propor
953	15	120.000000	45.000000	2.000000	2.500000	10.000000	3.000000	hcost_propor
954	15	120.000000	45.000000	2.000000	2.500000	10.000000	4.000000	hcost_propor
955	15	120.000000	45.000000	2.000000	2.500000	10.000000	5.000000	hcost_propor
956	15	120.000000	45.000000	2.000000	2.500000	10.000000	10.000000	hcost_propor
957	15	120.000000	45.000000	2.000000	2.500000	10.000000	15.000000	hcost_propor
958	15	120.000000	45.000000	2.000000	2.500000	10.000000	20.000000	hcost_propor
959	15	120.000000	45.000000	2.000000	2.500000	10.000000	25.000000	hcost_propor
960	15	120.000000	45.000000	2.000000	2.500000	10.000000	30.000000	hcost_propor
961	15	120.000000	45.000000	2.000000	2.500000	10.000000	35.000000	hcost_propor
962	15	120.000000	45.000000	2.000000	2.500000	10.000000	40.000000	hcost_propor
963	15	120.000000	45.000000	2.000000	2.500000	10.000000	0.000000	hcost_propor
964	15	120.000000	45.000000	2.000000	2.500000	10.000000	1.000000	hcost_propor
965	15	120.000000	45.000000	2.000000	2.500000	10.000000	2.000000	hcost_propor
966	15	120.000000	45.000000	2.000000	2.500000	10.000000	3.000000	hcost_propor
967	15	120.000000	45.000000	2.000000	2.500000	10.000000	4.000000	hcost_propor
968	15	120.000000	45.000000	2.000000	2.500000	10.000000	5.000000	hcost_propor
969	15	120.000000	45.000000	2.000000	2.500000	10.000000	10.000000	hcost_propor
970	15	120.000000	45.000000	2.000000	2.500000	10.000000	15.000000	hcost_propor
971	15	120.000000	45.000000	2.000000	2.500000	10.000000	20.000000	hcost_propor
972	15	120.000000	45.000000	2.000000	2.500000	10.000000	25.000000	hcost_propor
973	15	120.000000	45.000000	2.000000	2.500000	10.000000	30.000000	hcost_propor
974	15	120.000000	45.000000	2.000000	2.500000	10.000000	35.000000	hcost_propor
975	15	120.000000	45.000000	2.000000	2.500000	10.000000	40.000000	hcost_propor
976	15	120.000000	45.000000	2.000000	2.500000	10.000000	0.000000	hcost_propor
977	15	120.000000	45.000000	2.000000	2.500000	10.000000	1.000000	hcost_propor
978	15	120.000000	45.000000	2.000000	2.500000	10.000000	2.000000	hcost_propor
979	15	120.000000	45.000000	2.000000	2.500000	10.000000	3.000000	hcost_propor
980	15	120.000000	45.000000	2.000000	2.500000	10.000000	4.000000	hcost_propor
981	15	120.000000	45.000000	2.000000	2.500000	10.000000	5.000000	hcost_propor
982	15	120.000000	45.000000	2.000000	2.500000	10.000000	10.000000	hcost_propor
983	15	120.000000	45.000000	2.000000	2.500000	10.000000	15.000000	hcost_propor
984	15	120.000000	45.000000	2.000000	2.500000	10.000000	20.000000	hcost_propor
985	15	120.000000	45.000000	2.000000	2.500000	10.000000	25.000000	hcost_propor
986	15	120.000000	45.000000	2.000000	2.500000	10.000000	30.000000	hcost_propor
987	15	120.000000	45.000000	2.000000	2.500000	10.000000	35.000000	hcost_propor
988	15	120.000000	45.000000	2.000000	2.500000	10.000000	40.000000	hcost_propor
989	15	120.000000	45.000000	2.000000	2.500000	10.000000	0.000000	hcost_propor
990	15	120.000000	45.000000	2.000000	2.500000	10.000000	1.000000	hcost_propor
991	15	120.000000	45.000000	2.000000	2.500000	10.000000	2.000000	hcost_propor
992	15	120.000000	45.000000	2.000000	2.500000	10.000000	3.000000	hcost_propor
993	15	120.000000	45.000000	2.000000	2.500000	10.000000	4.000000	hcost_propor
994	15	120.000000	45.000000	2.000000	2.500000	10.000000	5.000000	hcost_propor
995	15	120.000000	45.000000	2.000000	2.500000	10.000000	10.000000	hcost_propor
996	15	120.000000	45.000000	2.000000	2.500000	10.000000	15.000000	hcost_propor
997	15	120.000000	45.000000	2.000000	2.500000	10.000000	20.000000	hcost_propor
998	15	120.000000	45.000000	2.000000	2.500000	10.000000	25.000000	hcost_propor
999	15	120.000000	45.000000	2.000000	2.500000	10.000000	30.000000	hcost_propor
1000	15	120.000000	45.000000	2.000000	2.500000	10.000000	35.000000	hcost_propor
1001	15	120.000000	45.000000	2.000000	2.500000	10.000000	40.000000	hcost_propor
1002	15	120.000000	45.000000	2.000000	2.500000	10.000000	0.000000	hcost_propor
1003	15	120.000000	45.000000	2.000000	2.500000	10.000000	1.000000	hcost_propor
1004	15	120.000000	45.000000	2.000000	2.500000	10.000000	2.000000	hcost_propor
1005	15	120.000000	45.000000	2.000000	2.500000	10.000000	3.000000	hcost_propor
1006	15	120.000000	45.000000	2.000000	2.500000	10.000000	4.000000	hcost_propor
1007	15	120.000000	45.000000	2.000000	2.500000	10.000000	5.000000	hcost_propor
1008	15	120.000000	45.000000	2.000000	2.500000	10.000000	10.000000	hcost_propor
1009	15	120.000000	45.000000	2.000000	2.500000	10.000000	15.000000	hcost_propor
1010	15	120.000000	45.000000	2.000000	2.500000	10.000000	20.000000	hcost_propor
1011	15	120.000000	45.000000	2.000000	2.500000	10.000000	25.000000	hcost_propor
1012	15	120.000000	45.000000	2.000000	2.500000	10.000000	30.000000	hcost_propor
1013	15	120.000000	45.000000	2.000000	2.500000	10.000000	35.000000	hcost_propor
1014	15	120.000000	45.000000	2.000000	2.500000	10.000000	40.000000	hcost_propor
1015	15	120.000000	45.000000	2.000000	2.500000	10.000000	0.000000	hcost_propor
1016	15	120.000000	45.000000	2.000000	2.500000	10.000000	1.000000	hcost_propor
1017	15	120.000000	45.000000	2.000000	2.500000	10.000000	2.000000	hcost_propor
1018	15	120.000000	45.000000	2.000000	2.500000	10.000000	3.000000	hcost_propor
1019	15	120.000000	45.000000	2.000000	2.500000	10.000000	4.000000	hcost_propor
1020	15	120.000000	45.000000	2.000000	2.500000	10.000000	5.000000	hcost_propor
1021	15	120.000000	45.000000	2.000000	2.500000	10.000000	10.000000	hcost_propor
1022	15	120.000000	45.000000	2.000000	2.500000	10.000000	15.000000	hcost_propor
1023	15	120.000000	45.000000	2.000000	2.500000	10.000000	20.000000	hcost_propor
1024	15	120.000000	45.000000	2.000000	2.500000	10.000000	25.000000	hcost_propor
1025	15	120.000000	45.000000	2.000000	2.500000	10.000000	30.000000	hcost_propor
1026	15	120.000000	45.000000	2.000000	2.500000	10.000000	35.000000	hcost_propor
1027	15	120.000000	45.000000	2.000000	2.500000	10.000000	40.000000	hcost_propor
1028	15	120.000000	45.000000	2.000000	2.500000	10.000000	0.000000	hcost_propor
1029	15	120.000000	45.000000	2.000000	2.500000	10.000000	1.000000	hcost_propor
1030	15	120.000000	45.000000	2.000000	2.500000	10.000000	2.000000	hcost_propor
1031	15	120.000000	45.000000	2.000000	2.500000	10.000000	3.000000	hcost_propor
1032	15	120.000000	45.000000	2.000000	2.500000	10.000000	4.000000	hcost_propor
1033	15	120.000000	45.000000	2.000000	2.500000	10.000000	5.000000	hcost_propor
1034	15	120.000000	45.000000	2.000000	2.500000	10.000000	10.000000	hcost_propor
1035	15	120.000000	45.000000	2.000000	2.500000	10.000000	15.000000	hcost_propor
1036	15	120.000000	45.000000	2.000000	2.500000	10.000000	20.000000	hcost_propor
1037	15	120.000000	45.000000	2.000000	2.500000	10.000000	25.000000	hcost_propor
1038	15	120.000000	45.000000	2.000000	2.500000	10.000000	30.000000	hcost_propor
1039	15	120.000000	45.000000	2.000000	2.500000	10.000000	35.000000	hcost_propor
1040	15	120.000000	45.000000	2.000000	2.500000	10.000000	40.000000	hcost_propor
