419.000000
100.000000
140.000000
30
21.329142	0.014791	0.009314	0.723655	
132.271371	0.041913	0.008781	0.119755	
364.475143	0.021023	0.008707	0.035798	
278.186743	0.033583	0.009519	0.853298	
266.895596	0.018214	0.009224	0.817103	
361.176031	0.018666	0.008774	0.447462	
181.540666	0.024222	0.009521	0.683523	
342.365978	0.048177	0.009061	0.459365	
360.549455	0.023932	0.009359	0.877102	
16.009644	0.068504	0.009298	0.459883	
395.816706	0.035302	0.009359	0.886837	
225.375378	0.017565	0.008737	0.644459	
54.000580	0.116801	0.008975	0.584094	
200.580889	0.035610	0.009211	0.366008	
236.871120	0.141383	0.009050	0.490707	
308.044984	0.022937	0.008958	0.328867	
254.044404	0.018269	0.009094	0.731620	
1.291513	0.023505	0.008729	0.795282	
381.980895	0.020513	0.009007	0.669912	
133.562883	0.038742	0.009393	0.469283	
25.190893	0.013579	0.008735	0.810694	
196.335520	0.015642	0.009489	0.865932	
42.760582	0.028368	0.009145	0.913114	
169.290475	0.026258	0.009318	0.069613	
101.083254	0.024008	0.008901	0.994995	
22.543931	0.016289	0.009502	0.958617	
383.668813	0.036310	0.008823	0.672903	
194.404645	0.013469	0.008765	0.350200	
32.863247	0.054981	0.009302	0.682424	
264.184698	0.070382	0.008996	0.226234	
