446.000000
100.000000
140.000000
30
403.396771	0.004340	0.007734	0.630177	
155.236366	0.008230	0.009059	0.123829	
313.861934	0.029618	0.008099	0.483184	
132.151677	0.004850	0.009382	0.380642	
47.135777	0.006405	0.008616	0.272103	
182.322764	0.014409	0.009406	1.472900	
18.279916	0.004172	0.008641	1.321787	
262.792505	0.122225	0.007439	0.100070	
404.594562	0.010890	0.008142	0.624317	
325.676504	0.009176	0.008541	0.562151	
196.179022	0.004548	0.007560	0.119480	
132.628071	0.005153	0.007646	0.746223	
399.177282	0.006153	0.009505	0.373867	
267.352275	0.004471	0.009089	0.386319	
257.538560	0.011581	0.008910	1.371136	
68.832118	0.006464	0.008824	0.123554	
106.793909	0.005349	0.007823	0.935469	
171.692373	0.005018	0.008933	1.195303	
27.304178	0.004271	0.008259	1.458754	
374.105350	0.004187	0.007989	0.748146	
420.451674	0.014922	0.008733	1.022492	
382.040712	0.005453	0.007917	1.491623	
360.072146	0.005018	0.008634	0.637913	
326.887906	0.005074	0.007886	1.372280	
297.650929	0.004246	0.008430	0.607059	
243.655080	0.035460	0.009347	0.343791	
201.351299	0.004507	0.007518	1.374660	
273.259560	0.010985	0.008107	0.816492	
78.482498	0.007439	0.007793	0.629765	
248.242073	0.004624	0.009096	0.687033	
