572.000000
100.000000
140.000000
30
158.645466	0.019086	0.009380	0.763939	
79.270363	0.018546	0.008920	1.295740	
552.500992	0.011842	0.008792	1.045061	
256.559465	0.032291	0.009066	0.334635	
108.422864	0.013264	0.009197	0.889920	
212.952910	0.015226	0.009444	1.370449	
385.214515	0.021281	0.008776	0.820383	
143.458235	0.015113	0.008900	1.236732	
539.548204	0.023185	0.008829	0.381603	
478.432691	0.010473	0.008884	1.112125	
407.070162	0.013587	0.008905	0.650685	
198.970183	0.009234	0.008746	1.498764	
133.281045	0.016500	0.009233	0.561281	
397.695975	0.012298	0.008903	1.167608	
281.592212	0.025332	0.008835	0.019593	
330.383374	0.012650	0.008768	0.289315	
19.743400	0.025375	0.009137	0.560686	
495.365581	0.016295	0.009452	0.261162	
4.713279	0.022217	0.008937	1.338725	
95.260598	0.026107	0.008699	1.087176	
410.055239	0.018316	0.008840	0.002930	
185.231849	0.015547	0.009064	0.758034	
441.145421	0.018695	0.009518	1.415677	
293.183386	0.009345	0.008810	0.095401	
536.667867	0.019822	0.009208	1.159459	
50.885952	0.069051	0.008907	0.660573	
63.210303	0.009670	0.008784	0.796442	
94.457595	0.026748	0.008824	0.769112	
346.530717	0.021117	0.008890	0.317194	
315.475448	0.012666	0.009253	0.584353	
