213.000000
100.000000
140.000000
20
48.831324	0.021243	0.008424	1.455962	
125.003510	0.016137	0.009279	2.283166	
194.779260	0.023267	0.008449	1.839122	
36.161962	0.047693	0.008894	0.373012	
62.891781	0.084360	0.009288	1.175115	
54.226691	0.026321	0.008690	1.486023	
142.054170	0.043692	0.009375	1.018937	
156.582659	0.100680	0.008560	0.213248	
43.383953	0.027303	0.008479	1.855296	
150.101718	0.019227	0.007893	1.145054	
179.971252	0.023870	0.008960	1.308329	
97.922666	0.016110	0.008954	1.939299	
197.372936	0.016235	0.007529	2.148732	
120.427198	0.073904	0.007579	1.003067	
83.732200	0.035809	0.008441	1.966155	
109.850978	0.019320	0.007564	1.418882	
95.445997	0.082889	0.007722	1.185644	
74.748589	0.037618	0.009242	1.520356	
169.629048	0.029220	0.008398	1.422544	
186.855220	0.094042	0.008486	0.400479	
