280.000000
100.000000
140.000000
20
171.142918	0.011976	0.009065	0.627064	
60.303354	0.017635	0.009402	0.333110	
251.091647	0.009158	0.009066	0.548326	
9.049348	0.013265	0.009205	0.099155	
24.020508	0.006490	0.009299	0.981414	
242.956633	0.008220	0.009226	0.503433	
93.552660	0.032491	0.008830	0.186346	
20.106815	0.005983	0.009483	0.809717	
54.706259	0.064949	0.008939	0.769066	
231.360820	0.007956	0.009496	0.177618	
243.742790	0.079768	0.009067	0.327830	
94.458449	0.088591	0.008958	0.210395	
98.901944	0.011633	0.009007	0.692221	
39.846187	0.009228	0.009470	0.821894	
8.374279	0.006330	0.009424	0.330912	
60.910062	0.007791	0.008819	0.602832	
108.361461	0.012395	0.008851	0.217597	
90.425123	0.037267	0.008924	0.635914	
182.977996	0.014187	0.009414	0.922880	
217.209998	0.013264	0.009165	0.428053	
