131.000000
100.000000
140.000000
20
29.964446	0.050209	0.009353	0.783807	
28.677114	0.016049	0.008790	0.555788	
90.141209	0.058626	0.008899	0.306070	
118.302591	0.024116	0.009333	0.874676	
53.951994	0.020084	0.009182	0.239555	
62.727439	0.013592	0.008972	0.657826	
100.747703	0.050568	0.009310	0.915967	
116.843348	0.066418	0.009147	1.280953	
59.577074	0.027997	0.008796	0.855312	
98.237007	0.036331	0.008799	0.218497	
43.013672	0.028156	0.008876	0.663182	
60.672506	0.048360	0.009324	0.119617	
82.449202	0.079091	0.009166	0.775704	
41.422498	0.021067	0.009023	0.804819	
78.039491	0.059831	0.009460	0.817316	
95.322520	0.052168	0.009316	0.399228	
3.394238	0.033570	0.009115	0.005448	
24.291391	0.017750	0.009204	0.786187	
104.649678	0.017185	0.008942	0.419141	
126.134526	0.027170	0.008811	0.781335	
