135.000000
100.000000
140.000000
20
111.928007	0.033235	0.007854	0.233711	
98.220771	0.031077	0.007998	0.966613	
53.007904	0.034920	0.009396	0.598468	
122.697684	0.027220	0.008753	0.941008	
67.576220	0.070832	0.008349	0.943754	
68.470260	0.040063	0.008489	0.263680	
88.592334	0.026918	0.008485	0.537126	
49.357585	0.025501	0.008074	0.189856	
44.879147	0.059426	0.007917	0.893185	
63.489181	0.031414	0.009231	0.432905	
75.861538	0.057498	0.009239	0.754784	
98.138371	0.073040	0.008729	0.635212	
72.936338	0.029491	0.009248	0.695547	
85.609455	0.047544	0.007880	0.680898	
71.749779	0.027200	0.007430	0.718925	
44.092227	0.029202	0.007852	0.678640	
23.603473	0.024992	0.008721	0.810389	
60.683462	0.074944	0.007433	0.483840	
82.750175	0.038369	0.008925	0.432417	
1.709799	0.107979	0.007899	0.561388	
