248.000000
100.000000
140.000000
20
230.872280	0.011585	0.006611	0.220038	
61.229896	0.014517	0.007462	0.588885	
116.034059	0.011458	0.007374	0.718162	
12.813623	0.110595	0.008626	0.762963	
218.565752	0.025711	0.007602	1.795282	
152.378430	0.017837	0.009328	0.058351	
162.240303	0.012080	0.007253	0.522050	
94.978240	0.021075	0.008669	1.977599	
222.138127	0.031444	0.008091	0.420972	
196.291391	0.094287	0.006769	0.558489	
238.811731	0.018438	0.007204	0.179266	
73.067171	0.015907	0.008119	1.959532	
119.152318	0.019212	0.007265	0.791101	
92.283822	0.029986	0.006525	0.783654	
108.336802	0.018968	0.007532	1.547533	
131.466414	0.148321	0.006915	1.483566	
35.254494	0.015406	0.008994	0.675130	
42.770104	0.031101	0.007562	0.111393	
80.287606	0.017437	0.008037	1.457015	
34.020814	0.010419	0.009395	0.138859	
