355.000000
100.000000
140.000000
20
268.999145	0.171960	0.007082	1.517151	
205.348979	0.008026	0.008172	1.586428	
95.296487	0.012208	0.005618	1.035951	
298.933683	0.018206	0.005546	0.272912	
185.533464	0.133329	0.006069	1.144520	
54.343699	0.049530	0.009396	0.801187	
277.471389	0.014883	0.005839	0.127338	
103.075350	0.010839	0.006279	1.724525	
303.928190	0.061566	0.005496	2.276986	
110.074160	0.029072	0.006286	2.120045	
342.042451	0.008852	0.006426	2.373196	
130.788903	0.007543	0.006896	2.224723	
175.891140	0.010288	0.009234	0.910138	
321.847743	0.011835	0.006714	2.371441	
106.336406	0.012863	0.005829	1.175344	
344.880978	0.008358	0.006492	0.045701	
255.380718	0.007261	0.005318	1.966308	
106.303903	0.008101	0.007636	0.985672	
83.249001	0.026700	0.009304	0.260094	
12.350841	0.009992	0.005802	0.913495	
