115.000000
100.000000
140.000000
20
37.549516	0.098290	0.009178	0.833888	
49.015473	0.071551	0.008882	1.349757	
54.058809	0.036100	0.008914	1.081408	
29.982757	0.036669	0.008789	0.643818	
97.837916	0.095329	0.009477	0.505707	
4.773095	0.034749	0.009327	0.816858	
54.708090	0.040385	0.009206	0.420194	
52.082888	0.030867	0.009523	0.039552	
20.769982	0.059593	0.009220	0.165761	
100.943937	0.033575	0.009087	0.974197	
70.325938	0.153615	0.009392	0.760048	
26.350291	0.056418	0.008977	0.921781	
15.396741	0.036092	0.008873	0.860393	
37.205573	0.061021	0.009348	1.327372	
21.415754	0.038936	0.008738	1.084292	
24.795526	0.036368	0.009305	0.631550	
53.514817	0.138398	0.008879	0.321863	
81.890164	0.197827	0.009060	1.362209	
24.749901	0.035617	0.009106	1.192648	
32.734306	0.033573	0.008913	0.851878	
