134.000000
100.000000
140.000000
20
47.176244	0.013132	0.009043	1.631138	
67.877194	0.016735	0.009371	0.836207	
41.025666	0.014461	0.007460	2.398984	
42.624653	0.023194	0.008500	0.438932	
94.990448	0.032908	0.008901	0.868938	
69.541612	0.023764	0.009085	0.712302	
92.728965	0.014192	0.007552	1.795251	
63.644581	0.014517	0.008654	1.805475	
79.847102	0.018129	0.009395	2.377468	
65.133152	0.038303	0.007529	1.178625	
27.424055	0.024159	0.008216	1.053041	
106.285592	0.016528	0.007875	0.789514	
54.987152	0.015110	0.008911	1.590472	
128.830897	0.015373	0.007612	2.156972	
31.497177	0.030422	0.007601	1.133457	
122.884793	0.015960	0.007670	0.353023	
32.895779	0.017669	0.008916	0.071642	
101.795343	0.114155	0.007876	1.630375	
118.860744	0.171371	0.008589	0.404675	
53.167333	0.016103	0.009110	2.464217	
