148.000000
100.000000
140.000000
20
52.317392	0.045414	0.006956	0.305673	
102.561602	0.043682	0.008081	0.654408	
68.162114	0.186895	0.007932	0.289438	
41.852107	0.040223	0.009189	0.123020	
75.447615	0.059653	0.006640	0.363720	
3.392071	0.043498	0.006640	0.747703	
146.048769	0.044773	0.007762	0.456954	
13.297281	0.078537	0.008736	0.179815	
135.881588	0.060127	0.007179	0.076662	
132.290780	0.033901	0.006864	0.866298	
96.373669	0.034725	0.008104	0.597949	
32.999298	0.142673	0.008922	0.792718	
2.452589	0.055713	0.006593	0.062258	
51.120457	0.065001	0.008296	0.883847	
124.770409	0.122742	0.007307	0.824091	
56.161138	0.040025	0.007892	0.381817	
116.965484	0.040447	0.007781	0.399121	
98.433302	0.096229	0.007426	0.250984	
70.334666	0.091944	0.009007	0.840693	
73.627369	0.051958	0.007263	0.777886	
