248.000000
100.000000
140.000000
20
9.695364	0.019109	0.007652	0.242531	
36.896878	0.019210	0.007941	1.393887	
118.811731	0.022875	0.007815	0.244453	
201.105014	0.029834	0.007572	0.987747	
53.638600	0.030752	0.007712	1.250511	
46.289499	0.018058	0.008410	1.276879	
123.027436	0.011028	0.007625	0.408246	
188.571429	0.013357	0.009373	0.113254	
172.253548	0.014463	0.007699	1.282739	
190.751183	0.041424	0.008404	0.346538	
81.316935	0.019602	0.008008	0.882687	
96.681173	0.093753	0.008247	1.371731	
144.401135	0.036446	0.009451	0.828257	
46.312204	0.016232	0.008446	0.800195	
156.836329	0.081230	0.009295	1.330073	
245.298013	0.013553	0.008554	1.368160	
219.617786	0.181811	0.008204	0.237724	
41.339640	0.011988	0.008333	1.100406	
42.777673	0.017106	0.009048	0.436171	
67.844844	0.034032	0.008893	0.240883	
