356.000000
100.000000
140.000000
20
272.940214	0.006960	0.009006	1.724662	
132.602313	0.009041	0.008891	0.370434	
124.758080	0.014728	0.009413	1.254982	
272.592547	0.007213	0.008985	0.818140	
121.574755	0.054884	0.008812	0.818018	
292.105350	0.007786	0.008723	1.982299	
45.978942	0.016021	0.008895	1.969176	
41.752617	0.030426	0.009168	0.316721	
134.405835	0.020516	0.008745	1.362651	
271.853755	0.007915	0.008995	0.574297	
244.670553	0.008823	0.009122	1.788568	
233.849422	0.006660	0.009496	1.332133	
295.353862	0.073213	0.009288	1.087619	
153.288491	0.116340	0.009063	1.478011	
5.888607	0.005827	0.008929	0.665548	
282.196844	0.010908	0.008981	1.907773	
124.790674	0.014875	0.009181	1.237526	
115.707877	0.029072	0.009503	0.516434	
283.793939	0.007245	0.008721	0.251045	
312.791528	0.068377	0.008963	0.179266	
