332.000000
100.000000
140.000000
20
331.341411	0.005391	0.006860	2.852779	
319.811029	0.008077	0.007063	1.339274	
80.469497	0.006362	0.008220	1.541154	
58.290231	0.005425	0.008982	0.902371	
164.292734	0.010510	0.006647	1.705771	
204.345103	0.005732	0.006647	2.657765	
309.699149	0.006374	0.009489	0.174139	
181.588305	0.005935	0.006984	1.132450	
303.771844	0.005563	0.008664	2.532060	
276.739280	0.006932	0.006541	0.153630	
49.353679	0.018544	0.006836	2.410382	
113.733329	0.005524	0.008674	2.520798	
58.239570	0.005622	0.006657	1.127506	
179.673330	0.012063	0.006564	1.792383	
21.784112	0.006427	0.008371	0.417768	
17.731254	0.015911	0.009452	0.017762	
250.365307	0.012076	0.006775	1.109012	
159.550890	0.199527	0.008306	1.446211	
292.363048	0.122122	0.008267	0.728507	
297.935728	0.014967	0.009401	0.242073	
