104.000000
100.000000
140.000000
20
74.758629	0.097520	0.006522	0.078280	
7.071505	0.030921	0.009204	0.593829	
48.767357	0.088893	0.007248	0.618458	
61.977233	0.028497	0.009128	0.874767	
94.443312	0.046703	0.008459	0.836497	
69.689871	0.058300	0.007526	0.601154	
74.438063	0.061138	0.007205	0.011078	
102.955779	0.051683	0.006905	0.248573	
79.798822	0.026497	0.008081	1.153645	
68.836085	0.145991	0.008717	1.268685	
4.389538	0.040222	0.008408	0.365398	
26.667318	0.030839	0.005911	0.095309	
94.259224	0.035719	0.006344	0.995712	
75.095065	0.061874	0.007615	0.093524	
44.349254	0.072128	0.005978	0.512024	
41.873592	0.100049	0.007654	0.213004	
90.545732	0.036765	0.005833	0.771401	
34.303781	0.029799	0.008181	0.451415	
5.779717	0.033459	0.006767	0.087115	
9.226600	0.027020	0.008740	0.661031	
