231.000000
100.000000
140.000000
20
171.485794	0.033459	0.009417	1.737907	
210.823542	0.009200	0.008825	1.877194	
164.372570	0.062482	0.009474	0.762352	
113.875027	0.017054	0.008717	1.178137	
104.555223	0.077632	0.009210	0.384472	
201.842128	0.017033	0.009309	1.507248	
40.874599	0.009624	0.008760	1.032868	
216.646657	0.007581	0.008884	1.346232	
146.296945	0.009076	0.009127	1.678457	
166.402905	0.007650	0.009371	1.978637	
229.991882	0.130298	0.009107	0.796838	
49.545824	0.007405	0.008947	0.412732	
6.422346	0.019428	0.009255	0.230537	
171.182653	0.015032	0.009125	0.236152	
15.770348	0.008113	0.009237	1.197363	
84.942747	0.009400	0.009260	1.981017	
195.476180	0.008241	0.008768	0.867336	
111.971587	0.009374	0.009376	0.866482	
159.959410	0.007600	0.009122	0.638081	
63.927366	0.047695	0.009022	1.975463	
