178.000000
100.000000
140.000000
30
121.906125	0.044734	0.008921	1.191900	
128.321665	0.074339	0.009156	2.346568	
119.407270	0.033930	0.009205	1.969817	
74.259468	0.020752	0.008860	2.473907	
142.380444	0.050971	0.009363	2.204199	
54.105655	0.022918	0.009210	0.652867	
47.804193	0.039292	0.008796	0.590457	
120.352489	0.020129	0.008934	2.457656	
149.610828	0.045143	0.008779	0.233924	
82.087405	0.019704	0.009316	2.278436	
71.831233	0.021538	0.009165	1.786019	
144.314341	0.050818	0.009283	1.473052	
83.162999	0.025994	0.009332	0.856197	
56.343760	0.034752	0.009059	1.601230	
170.378491	0.045284	0.008945	0.148167	
75.693594	0.066746	0.008970	1.556902	
171.372600	0.076153	0.008789	2.029328	
2.009949	0.035336	0.009325	2.031388	
105.745048	0.025327	0.009260	0.976669	
16.508744	0.076758	0.008767	0.545976	
166.858364	0.020317	0.009276	1.619236	
171.796319	0.024707	0.009070	0.612888	
67.360454	0.023323	0.009032	0.969268	
37.602344	0.153934	0.008810	2.219153	
75.932615	0.036461	0.009306	1.978439	
131.912412	0.021254	0.009096	0.599841	
130.999786	0.043791	0.008795	1.318781	
152.011902	0.021289	0.008754	1.482818	
73.450056	0.025656	0.009257	1.346095	
163.783685	0.038070	0.009307	1.459090	
