214.000000
100.000000
140.000000
30
17.365825	0.130619	0.009112	0.747734	
212.595843	0.019070	0.008881	0.611774	
160.544084	0.015816	0.009349	0.944029	
130.246956	0.020118	0.009282	1.533006	
36.331736	0.059577	0.009492	2.487747	
103.372051	0.022042	0.008767	0.023804	
50.817408	0.021953	0.009212	1.874233	
11.448775	0.077073	0.008767	0.748466	
168.322459	0.036931	0.008942	0.169286	
53.782464	0.025278	0.009236	1.436964	
58.935392	0.023748	0.008859	0.659383	
98.467299	0.019248	0.009300	1.387341	
90.688925	0.018691	0.008946	0.700674	
98.434645	0.035665	0.009101	0.432234	
109.262978	0.016706	0.008738	2.081149	
180.189215	0.030238	0.009177	2.766991	
12.480667	0.067381	0.008983	1.121921	
0.770653	0.019547	0.008971	1.393200	
59.849727	0.026501	0.009292	0.890011	
169.178014	0.031537	0.008815	0.339030	
123.441694	0.029095	0.008778	1.652120	
55.415204	0.053966	0.009515	2.137913	
41.105869	0.018697	0.009253	2.437391	
3.918577	0.022542	0.009320	2.176916	
91.942869	0.029897	0.008875	1.678579	
65.178991	0.053813	0.009374	1.315928	
70.958892	0.031671	0.009343	1.733879	
96.455763	0.019076	0.009336	1.523301	
196.810511	0.053892	0.009006	2.033906	
191.069796	0.044809	0.009319	2.036653	
