ACO-Online	1	5	115.000000	0.200000	0.500000	1.000000	21948.256379	0.000000	21948.256379	0.533000
ACO-Online	2	5	115.000000	0.200000	0.500000	1.500000	19620.319797	0.000000	19620.319797	0.845000
ACO-Online	3	5	115.000000	0.200000	0.500000	2.000000	9364.625732	1563.800000	7800.825732	1.018000
ACO-Online	4	5	115.000000	0.200000	0.500000	2.500000	10089.964033	781.900000	9308.064033	0.446000
ACO-Online	5	5	115.000000	0.200000	0.500000	3.000000	18002.317417	0.000000	18002.317417	0.594000
ACO-Online	6	5	115.000000	0.200000	1.000000	1.000000	23419.134068	0.000000	23419.134068	1.167000
ACO-Online	7	5	115.000000	0.200000	1.000000	1.500000	38117.923714	0.000000	38117.923714	0.849000
ACO-Online	8	5	115.000000	0.200000	1.000000	2.000000	31541.752515	0.000000	31541.752515	0.805000
ACO-Online	9	5	115.000000	0.200000	1.000000	2.500000	24898.240068	3127.600000	21770.640068	0.979000
ACO-Online	10	5	115.000000	0.200000	1.000000	3.000000	40541.442131	0.000000	40541.442131	0.791000
ACO-Online	11	5	115.000000	0.200000	1.500000	1.000000	78297.381890	0.000000	78297.381890	0.770000
ACO-Online	12	5	115.000000	0.200000	1.500000	1.500000	52269.868260	0.000000	52269.868260	0.871000
ACO-Online	13	5	115.000000	0.200000	1.500000	2.000000	69350.284705	0.000000	69350.284705	0.872000
ACO-Online	14	5	115.000000	0.200000	1.500000	2.500000	24160.051052	0.000000	24160.051052	1.548000
ACO-Online	15	5	115.000000	0.200000	1.500000	3.000000	34609.072912	0.000000	34609.072912	1.059000
ACO-Online	16	5	115.000000	0.200000	2.000000	1.000000	82427.701610	0.000000	82427.701610	1.102000
ACO-Online	17	5	115.000000	0.200000	2.000000	1.500000	61095.800834	0.000000	61095.800834	0.987000
ACO-Online	18	5	115.000000	0.200000	2.000000	2.000000	68869.431736	0.000000	68869.431736	1.388000
ACO-Online	19	5	115.000000	0.200000	2.000000	2.500000	68789.152431	781.900000	68007.252431	0.730000
ACO-Online	20	5	115.000000	0.200000	2.000000	3.000000	103479.594360	0.000000	103479.594360	0.685000
ACO-Online	21	5	115.000000	0.200000	2.500000	1.000000	105546.966972	0.000000	105546.966972	1.068000
ACO-Online	22	5	115.000000	0.200000	2.500000	1.500000	72556.700786	0.000000	72556.700786	1.027000
ACO-Online	23	5	115.000000	0.200000	2.500000	2.000000	83579.738447	0.000000	83579.738447	0.586000
ACO-Online	24	5	115.000000	0.200000	2.500000	2.500000	67445.802030	0.000000	67445.802030	0.688000
ACO-Online	25	5	115.000000	0.200000	2.500000	3.000000	100024.093817	0.000000	100024.093817	0.722000
ACO-Online	26	5	115.000000	0.200000	3.000000	1.000000	96312.199952	0.000000	96312.199952	0.822000
ACO-Online	27	5	115.000000	0.200000	3.000000	1.500000	82451.524469	0.000000	82451.524469	0.833000
ACO-Online	28	5	115.000000	0.200000	3.000000	2.000000	70123.438210	0.000000	70123.438210	0.819000
ACO-Online	29	5	115.000000	0.200000	3.000000	2.500000	74264.123694	0.000000	74264.123694	0.972000
ACO-Online	30	5	115.000000	0.200000	3.000000	3.000000	82549.989298	1563.800000	80986.189298	1.336000
ACO-Online	31	5	115.000000	0.300000	0.500000	1.000000	31329.757623	0.000000	31329.757623	1.154000
ACO-Online	32	5	115.000000	0.300000	0.500000	1.500000	20184.799386	0.000000	20184.799386	0.592000
ACO-Online	33	5	115.000000	0.300000	0.500000	2.000000	22689.517321	781.900000	21907.617321	1.292000
ACO-Online	34	5	115.000000	0.300000	0.500000	2.500000	37880.413362	0.000000	37880.413362	0.938000
ACO-Online	35	5	115.000000	0.300000	0.500000	3.000000	19151.739767	3909.500000	15242.239767	1.063000
ACO-Online	36	5	115.000000	0.300000	1.000000	1.000000	57163.497069	0.000000	57163.497069	0.957000
ACO-Online	37	5	115.000000	0.300000	1.000000	1.500000	60675.819046	0.000000	60675.819046	1.744000
ACO-Online	38	5	115.000000	0.300000	1.000000	2.000000	76124.352734	0.000000	76124.352734	1.347000
ACO-Online	39	5	115.000000	0.300000	1.000000	2.500000	66823.061939	0.000000	66823.061939	1.575000
ACO-Online	40	5	115.000000	0.300000	1.000000	3.000000	84470.514902	2345.700000	82124.814902	0.860000
ACO-Online	41	5	115.000000	0.300000	1.500000	1.000000	115600.145429	0.000000	115600.145429	1.145000
ACO-Online	42	5	115.000000	0.300000	1.500000	1.500000	84115.055933	0.000000	84115.055933	0.433000
ACO-Online	43	5	115.000000	0.300000	1.500000	2.000000	78069.687756	0.000000	78069.687756	0.897000
ACO-Online	44	5	115.000000	0.300000	1.500000	2.500000	50799.854481	0.000000	50799.854481	1.075000
ACO-Online	45	5	115.000000	0.300000	1.500000	3.000000	148835.973558	0.000000	148835.973558	1.049000
ACO-Online	46	5	115.000000	0.300000	2.000000	1.000000	204673.834455	0.000000	204673.834455	1.779000
ACO-Online	47	5	115.000000	0.300000	2.000000	1.500000	160734.837277	0.000000	160734.837277	1.316000
ACO-Online	48	5	115.000000	0.300000	2.000000	2.000000	109402.976292	781.900000	108621.076292	1.225000
ACO-Online	49	5	115.000000	0.300000	2.000000	2.500000	69968.268385	0.000000	69968.268385	0.879000
ACO-Online	50	5	115.000000	0.300000	2.000000	3.000000	86027.296158	0.000000	86027.296158	1.533000
ACO-Online	51	5	115.000000	0.300000	2.500000	1.000000	122872.486134	0.000000	122872.486134	1.197000
ACO-Online	52	5	115.000000	0.300000	2.500000	1.500000	89967.400470	0.000000	89967.400470	1.121000
ACO-Online	53	5	115.000000	0.300000	2.500000	2.000000	141838.247352	0.000000	141838.247352	2.336000
ACO-Online	54	5	115.000000	0.300000	2.500000	2.500000	66002.686005	1563.800000	64438.886005	1.435000
ACO-Online	55	5	115.000000	0.300000	2.500000	3.000000	85028.361738	0.000000	85028.361738	2.127000
ACO-Online	56	5	115.000000	0.300000	3.000000	1.000000	244711.576004	3127.600000	241583.976004	0.889000
ACO-Online	57	5	115.000000	0.300000	3.000000	1.500000	107998.556067	0.000000	107998.556067	1.043000
ACO-Online	58	5	115.000000	0.300000	3.000000	2.000000	81355.449440	781.900000	80573.549440	0.748000
ACO-Online	59	5	115.000000	0.300000	3.000000	2.500000	207290.283290	0.000000	207290.283290	1.167000
ACO-Online	60	5	115.000000	0.300000	3.000000	3.000000	105237.256935	0.000000	105237.256935	1.313000
ACO-Online	61	5	115.000000	0.400000	0.500000	1.000000	25499.726342	0.000000	25499.726342	1.050000
ACO-Online	62	5	115.000000	0.400000	0.500000	1.500000	38513.397095	0.000000	38513.397095	1.300000
ACO-Online	63	5	115.000000	0.400000	0.500000	2.000000	24823.718023	0.000000	24823.718023	1.089000
ACO-Online	56	5	115.000000	0.300000	3.000000	1.000000	242027.143300	0.000000	242027.143300	1.057000
ACO-Online	57	5	115.000000	0.300000	3.000000	1.500000	107998.556067	0.000000	107998.556067	1.065000
ACO-Online	58	5	115.000000	0.300000	3.000000	2.000000	81355.449440	781.900000	80573.549440	0.790000
ACO-Online	59	5	115.000000	0.300000	3.000000	2.500000	207290.283290	0.000000	207290.283290	1.260000
ACO-Online	60	5	115.000000	0.300000	3.000000	3.000000	105237.250715	0.000000	105237.250715	1.269000
ACO-Online	61	5	115.000000	0.400000	0.500000	1.000000	25499.726342	0.000000	25499.726342	1.086000
ACO-Online	62	5	115.000000	0.400000	0.500000	1.500000	38513.397095	0.000000	38513.397095	1.338000
ACO-Online	63	5	115.000000	0.400000	0.500000	2.000000	24823.718023	0.000000	24823.718023	1.114000
ACO-Online	64	5	115.000000	0.400000	0.500000	2.500000	32829.814894	0.000000	32829.814894	1.366000
ACO-Online	65	5	115.000000	0.400000	0.500000	3.000000	18638.455853	0.000000	18638.455853	0.888000
ACO-Online	66	5	115.000000	0.400000	1.000000	1.000000	36223.297783	0.000000	36223.297783	0.761000
ACO-Online	67	5	115.000000	0.400000	1.000000	1.500000	31699.168024	0.000000	31699.168024	0.518000
ACO-Online	68	5	115.000000	0.400000	1.000000	2.000000	46063.307407	0.000000	46063.307407	1.244000
ACO-Online	69	5	115.000000	0.400000	1.000000	2.500000	74166.918582	0.000000	74166.918582	1.532000
ACO-Online	70	5	115.000000	0.400000	1.000000	3.000000	39107.232191	781.900000	38325.332191	0.541000
ACO-Online	71	5	115.000000	0.400000	1.500000	1.000000	63335.743402	0.000000	63335.743402	1.497000
ACO-Online	72	5	115.000000	0.400000	1.500000	1.500000	42188.494480	0.000000	42188.494480	0.911000
ACO-Online	73	5	115.000000	0.400000	1.500000	2.000000	46281.591283	0.000000	46281.591283	0.591000
ACO-Online	74	5	115.000000	0.400000	1.500000	2.500000	63331.881660	0.000000	63331.881660	1.231000
ACO-Online	75	5	115.000000	0.400000	1.500000	3.000000	140503.923986	14856.100000	125647.823986	1.467000
ACO-Online	76	5	115.000000	0.400000	2.000000	1.000000	162034.561467	0.000000	162034.561467	1.162000
ACO-Online	77	5	115.000000	0.400000	2.000000	1.500000	98011.786747	0.000000	98011.786747	1.518000
ACO-Online	78	5	115.000000	0.400000	2.000000	2.000000	141608.783298	12510.400000	129098.383298	0.986000
ACO-Online	79	5	115.000000	0.400000	2.000000	2.500000	190268.674937	10946.600000	179322.074937	1.588000
ACO-Online	80	5	115.000000	0.400000	2.000000	3.000000	82460.306983	0.000000	82460.306983	1.195000
ACO-Online	81	5	115.000000	0.400000	2.500000	1.000000	94088.001301	0.000000	94088.001301	1.625000
ACO-Online	82	5	115.000000	0.400000	2.500000	1.500000	234037.110204	0.000000	234037.110204	1.608000
ACO-Online	83	5	115.000000	0.400000	2.500000	2.000000	202118.227632	0.000000	202118.227632	2.261000
ACO-Online	84	5	115.000000	0.400000	2.500000	2.500000	189597.526730	0.000000	189597.526730	1.921000
ACO-Online	85	5	115.000000	0.400000	2.500000	3.000000	166118.960434	0.000000	166118.960434	2.315000
ACO-Online	86	5	115.000000	0.400000	3.000000	1.000000	267695.941306	0.000000	267695.941306	1.480000
ACO-Online	87	5	115.000000	0.400000	3.000000	1.500000	270709.142274	0.000000	270709.142274	1.801000
ACO-Online	88	5	115.000000	0.400000	3.000000	2.000000	176855.209824	0.000000	176855.209824	1.748000
ACO-Online	89	5	115.000000	0.400000	3.000000	2.500000	127679.038430	0.000000	127679.038430	2.444000
ACO-Online	90	5	115.000000	0.400000	3.000000	3.000000	332581.030668	8600.900000	323980.130668	1.894000
ACO-Online	56	5	115.000000	0.300000	3.000000	1.000000	242027.145246	0.000000	242027.145246	1.025000
ACO-Online	56	5	115.000000	0.300000	3.000000	1.000000	242027.143300	0.000000	242027.143300	0.984000
ACO-Online	57	5	115.000000	0.300000	3.000000	1.500000	107998.557231	0.000000	107998.557231	0.979000
ACO-Online	58	5	115.000000	0.300000	3.000000	2.000000	80615.708157	0.000000	80615.708157	0.744000
ACO-Online	59	5	115.000000	0.300000	3.000000	2.500000	207290.283290	0.000000	207290.283290	1.139000
ACO-Online	60	5	115.000000	0.300000	3.000000	3.000000	105237.250715	0.000000	105237.250715	1.293000
ACO-Online	61	5	115.000000	0.400000	0.500000	1.000000	25499.726342	0.000000	25499.726342	1.046000
ACO-Online	62	5	115.000000	0.400000	0.500000	1.500000	38513.397095	0.000000	38513.397095	1.262000
ACO-Online	63	5	115.000000	0.400000	0.500000	2.000000	24823.718023	0.000000	24823.718023	1.061000
ACO-Online	64	5	115.000000	0.400000	0.500000	2.500000	32829.814894	0.000000	32829.814894	1.272000
ACO-Online	65	5	115.000000	0.400000	0.500000	3.000000	18638.455853	0.000000	18638.455853	0.849000
ACO-Online	66	5	115.000000	0.400000	1.000000	1.000000	36223.297783	0.000000	36223.297783	0.725000
ACO-Online	67	5	115.000000	0.400000	1.000000	1.500000	31699.168024	0.000000	31699.168024	0.478000
ACO-Online	68	5	115.000000	0.400000	1.000000	2.000000	46063.303478	0.000000	46063.303478	1.157000
ACO-Online	69	5	115.000000	0.400000	1.000000	2.500000	74166.918582	0.000000	74166.918582	1.404000
ACO-Online	70	5	115.000000	0.400000	1.000000	3.000000	38367.483250	0.000000	38367.483250	0.483000
ACO-Online	71	5	115.000000	0.400000	1.500000	1.000000	63335.743402	0.000000	63335.743402	1.403000
ACO-Online	72	5	115.000000	0.400000	1.500000	1.500000	42188.494480	0.000000	42188.494480	0.863000
ACO-Online	73	5	115.000000	0.400000	1.500000	2.000000	46281.591283	0.000000	46281.591283	0.536000
ACO-Online	74	5	115.000000	0.400000	1.500000	2.500000	63331.881660	0.000000	63331.881660	1.177000
ACO-Online	75	5	115.000000	0.400000	1.500000	3.000000	137376.323986	11728.500000	125647.823986	1.389000
ACO-Online	76	5	115.000000	0.400000	2.000000	1.000000	162034.561467	0.000000	162034.561467	1.088000
ACO-Online	77	5	115.000000	0.400000	2.000000	1.500000	98011.784141	0.000000	98011.784141	1.833000
ACO-Online	78	5	115.000000	0.400000	2.000000	2.000000	141608.783499	12510.400000	129098.383499	0.921000
ACO-Online	79	5	115.000000	0.400000	2.000000	2.500000	190268.674937	10946.600000	179322.074937	1.536000
ACO-Online	80	5	115.000000	0.400000	2.000000	3.000000	82809.081419	390.950000	82418.131419	1.151000
ACO-Online	81	5	115.000000	0.400000	2.500000	1.000000	94088.001301	0.000000	94088.001301	1.539000
ACO-Online	82	5	115.000000	0.400000	2.500000	1.500000	234037.110204	0.000000	234037.110204	1.504000
ACO-Online	83	5	115.000000	0.400000	2.500000	2.000000	202118.227632	0.000000	202118.227632	2.181000
ACO-Online	84	5	115.000000	0.400000	2.500000	2.500000	189597.526730	0.000000	189597.526730	1.739000
ACO-Online	85	5	115.000000	0.400000	2.500000	3.000000	166118.960434	0.000000	166118.960434	2.162000
ACO-Online	86	5	115.000000	0.400000	3.000000	1.000000	267695.941306	0.000000	267695.941306	1.387000
ACO-Online	87	5	115.000000	0.400000	3.000000	1.500000	270709.142274	0.000000	270709.142274	1.650000
ACO-Online	88	5	115.000000	0.400000	3.000000	2.000000	176855.209824	0.000000	176855.209824	1.681000
ACO-Online	89	5	115.000000	0.400000	3.000000	2.500000	127679.038430	0.000000	127679.038430	2.396000
ACO-Online	90	5	115.000000	0.400000	3.000000	3.000000	330235.330668	6255.200000	323980.130668	1.809000
ACO-Online	91	5	115.000000	0.500000	0.500000	1.000000	22410.041071	0.000000	22410.041071	1.667000
ACO-Online	92	5	115.000000	0.500000	0.500000	1.500000	29565.467718	0.000000	29565.467718	1.095000
ACO-Online	93	5	115.000000	0.500000	0.500000	2.000000	25653.514296	0.000000	25653.514296	1.956000
ACO-Online	94	5	115.000000	0.500000	0.500000	2.500000	28288.330553	0.000000	28288.330553	1.484000
ACO-Online	95	5	115.000000	0.500000	0.500000	3.000000	38789.996140	0.000000	38789.996140	1.472000
ACO-Online	96	5	115.000000	0.500000	1.000000	1.000000	54778.642809	0.000000	54778.642809	1.329000
ACO-Online	97	5	115.000000	0.500000	1.000000	1.500000	98665.291806	0.000000	98665.291806	1.750000
ACO-Online	98	5	115.000000	0.500000	1.000000	2.000000	87835.863122	0.000000	87835.863122	1.648000
ACO-Online	99	5	115.000000	0.500000	1.000000	2.500000	85460.501007	11728.500000	73732.001007	1.231000
ACO-Online	100	5	115.000000	0.500000	1.000000	3.000000	52054.915380	10164.700000	41890.215380	1.416000
ACO-Online	101	5	115.000000	0.500000	1.500000	1.000000	128105.129344	0.000000	128105.129344	1.374000
ACO-Online	102	5	115.000000	0.500000	1.500000	1.500000	130570.418496	0.000000	130570.418496	1.149000
ACO-Online	103	5	115.000000	0.500000	1.500000	2.000000	130775.538584	0.000000	130775.538584	1.362000
ACO-Online	104	5	115.000000	0.500000	1.500000	2.500000	133681.658047	0.000000	133681.658047	1.419000
ACO-Online	105	5	115.000000	0.500000	1.500000	3.000000	128523.222753	0.000000	128523.222753	1.370000
