320.000000
100.000000
140.000000
20
196.373180	0.065698	0.008780	1.374935	
197.037263	0.005827	0.008768	1.736274	
59.122898	0.005329	0.008975	2.072130	
43.878292	0.007971	0.009379	2.096164	
227.106540	0.007014	0.009235	1.360134	
298.270821	0.008667	0.008728	1.561480	
25.938292	0.011048	0.009172	2.323527	
143.695791	0.011554	0.008880	2.452773	
255.476547	0.011422	0.008713	1.323588	
276.082644	0.011750	0.008958	0.600604	
267.244484	0.056467	0.009129	1.035722	
317.109287	0.005605	0.009365	0.001984	
56.564226	0.006464	0.009286	1.347468	
174.761193	0.006440	0.008812	0.043870	
233.659474	0.041878	0.009045	0.983306	
168.794214	0.012211	0.008957	2.379070	
6.357616	0.010506	0.009254	2.371975	
104.524674	0.006486	0.009055	1.273843	
180.181280	0.020327	0.008965	1.186636	
269.383221	0.016347	0.008939	0.850093	
