258.000000
100.000000
140.000000
20
93.894772	0.011639	0.009514	1.335978	
17.771111	0.036767	0.009012	1.183905	
232.851161	0.019495	0.009434	1.477248	
158.223518	0.010692	0.009483	1.171316	
9.054842	0.013146	0.009345	0.257591	
6.842311	0.015705	0.009153	0.348918	
176.577288	0.051135	0.009249	0.287530	
134.767541	0.012559	0.008823	0.890240	
121.043550	0.026507	0.008710	0.980697	
240.181646	0.010206	0.009146	0.428343	
105.681814	0.016827	0.008821	0.800836	
188.797388	0.030006	0.008824	0.867443	
223.260903	0.025444	0.008965	0.007599	
35.707572	0.009932	0.009499	1.070376	
116.027955	0.041526	0.008954	0.930021	
215.757195	0.013845	0.009148	1.090472	
240.394238	0.010982	0.009040	0.094119	
246.252327	0.013782	0.009481	0.710608	
92.044435	0.050379	0.008978	0.037126	
57.021882	0.014509	0.008756	0.391812	
