132.000000
100.000000
140.000000
20
95.731925	0.049942	0.009290	2.420042	
34.108829	0.041102	0.008793	1.279717	
96.509415	0.084043	0.009166	2.060152	
12.206183	0.090399	0.009356	1.441237	
69.953917	0.067488	0.008967	2.056642	
38.012391	0.050567	0.009047	1.320231	
54.174505	0.084854	0.009045	0.537889	
118.734336	0.055498	0.009304	0.536210	
130.763268	0.057964	0.009283	1.493423	
80.621235	0.064055	0.008767	0.735191	
80.476211	0.104169	0.009077	0.869167	
124.390271	0.044336	0.009371	1.463210	
104.054689	0.044088	0.009053	2.225333	
49.888241	0.040405	0.009084	0.164876	
123.959227	0.071637	0.008720	1.223029	
92.323862	0.044364	0.009418	2.261269	
36.304331	0.042350	0.009047	2.453078	
39.228980	0.080133	0.008724	1.172903	
77.325968	0.065736	0.008916	1.710410	
12.407605	0.041199	0.009113	1.637318	
