280.000000
100.000000
140.000000
20
177.355266	0.008313	0.008578	1.385922	
66.139714	0.007846	0.008192	0.921781	
114.915616	0.013096	0.007993	0.005997	
230.292673	0.006614	0.008307	0.917158	
24.618671	0.031321	0.009327	1.048082	
155.539415	0.084745	0.007785	1.396908	
175.082247	0.013941	0.009063	1.114139	
178.346507	0.006078	0.009200	1.287317	
194.676351	0.085538	0.007635	0.988479	
238.427686	0.009760	0.008397	1.303247	
204.605853	0.010489	0.007888	0.464232	
62.943815	0.006771	0.007633	0.971358	
103.994873	0.190522	0.007614	0.604450	
209.638966	0.019348	0.008521	1.394208	
18.782311	0.006608	0.008241	1.409223	
193.685110	0.007451	0.007416	1.305261	
138.013245	0.011586	0.008530	1.310801	
60.482803	0.014138	0.009239	0.040559	
168.117924	0.015638	0.008826	1.169851	
190.694296	0.023652	0.009009	0.091876	
